3.26702484114
3.26638819696
3.26519920179
3.26555753775
3.26571451729
3.26377924017
3.26494615286
3.26379448558
3.26498340928
3.26093123875
3.25891835594
3.25908824961
3.25924122095
3.25924283134
3.25864290644
3.25818588982
3.25812628215
3.25808838654
3.2580596575
3.2578082232
3.25779457462
3.25779757476
3.25778118509
3.25773015673
3.25772983103
3.25773268033
3.25772078013
3.25772041677
3.25772030791
3.25771828927
3.2577182748
3.25771824672
3.25771782184
3.25771783359
3.25771784321
3.25771774138
3.25771773988
3.25771773519
