3.26707635044
3.26636472032
3.26536439917
3.26581448136
3.26539774364
3.26457067659
3.26507233127
3.26369648546
3.26458821481
3.26349855821
3.26243364482
3.26220212922
3.26300606293
3.26156898868
3.26390418191
3.26208008973
3.26202634549
3.25944986573
3.25839061828
3.25851296438
3.2583768064
3.25828955898
3.25783568171
3.2575756949
3.25745830387
3.25749856105
3.25745343295
3.25744394406
3.2572419518
3.25723755973
3.25724240244
3.25723472504
3.25719749641
3.25719897709
3.25719977913
3.25719017224
3.25718994149
3.25718975037
3.25718804638
3.2571881017
3.25718803536
3.2571876919
3.25718769361
3.25718768731
3.25718762066
3.25718762089
3.25718762188
