3.21527397789
2.24133644245
1.48975836184
1.18169405595
1.01024808332
0.926506436123
0.859228172132
0.825578826547
0.789194889473
0.757950136121
0.744615994004
0.729924698991
0.718410392017
0.699809740887
0.697363783503
0.68067581403
0.674288652965
0.667649683939
0.663633278924
0.659694699342
0.646539305095
0.641287362527
0.636071760852
0.628369940982
0.628132867215
0.617701909446
0.615039138736
0.605456044973
0.603580742242
0.594111811258
0.593258895557
0.590505406886
0.58523865046
0.575324154339
0.576866496102
0.570286819167
0.570673478051
0.567468525541
0.559636594861
0.556589239051
0.553549594146
0.549597944357
0.542710966317
0.537322429713
0.532324987929
0.532501433682
0.52789737446
0.526514980952
0.520321422459
0.519743674479
0.508893391561
0.50853064917
0.504022867731
0.502287790136
0.497119536676
0.496627997506
0.49028530724
0.485954458125
0.484599837042
0.48084066913
0.474872920623
0.470335520817
0.472564780689
0.468202962983
0.460443351745
0.45988683743
0.457731192817
0.45841646803
0.448773940183
0.447256958368
0.442851752637
0.442159208769
0.43919218605
0.435742619218
0.433713690174
0.428177596183
0.428446685333
0.425312677063
0.422181483711
0.418520869607
0.415987482535
0.416282271164
0.410599002832
0.408851904128
0.404999440566
0.403302264393
0.400392812325
0.398768617514
0.397510490306
0.392876023487
0.388065359247
0.387500458686
0.385339027322
0.382651846358
0.382229977948
0.376587702117
0.375703082619
0.372121799912
0.37102612066
0.368349366268
0.367705813061
0.36769744331
0.364537748792
0.361761796651
0.359881244366
0.356132325545
0.355072673719
0.352314044154
0.350731746594
0.348899119544
0.346280563623
0.344829041327
0.345292040584
0.340079224806
0.338178051499
0.337370801514
0.334898088389
0.33255979592
0.329917024409
0.329494163953
0.326614429294
0.325065725178
0.322978281954
0.322612851484
0.320337769797
0.318138127696
0.318195281502
0.314138767783
0.313092695476
0.311331974528
0.310373753348
0.307974469838
0.307652994894
0.304704809359
0.303048302131
0.303047525414
0.299797732271
0.299547085216
0.296634854429
0.296487589528
0.293484372243
0.291963130234
0.292135040431
0.289057082736
0.288589110528
0.286960000884
0.28589680621
0.282420242472
0.282619051225
0.281716313861
0.279244399628
0.278579081825
0.277279546801
0.274599444657
0.273183220533
0.273275707377
0.271616382584
0.270357896687
0.268758488152
0.26665546193
0.264749069296
0.264573223544
0.264442738119
0.262456118027
0.262049229508
0.258988118458
0.25889462712
0.256728724163
0.256645753136
0.254835930077
0.253374888741
0.252232449197
0.252702577011
0.248071338649
0.247400427937
0.248481704174
0.247024469183
0.245902427232
0.244745439574
0.242336571733
0.242256770083
0.240022277068
0.239647856953
0.238051947082
0.238846123582
0.235918860608
0.234309779566
0.232837389651
0.233171279187
0.231182576147
0.23221398895
0.230049309954
0.228701347659
0.229230722529
0.225982506867
0.2247220445
0.224402987242
0.223664272135
0.22259070906
0.221781459308
0.219930250138
0.219724184152
0.217653010444
0.21677752031
0.215462825367
0.215545776782
0.215655482245
0.213793114193
0.213753233516
0.21127303486
0.211138097898
0.210559193347
0.209583948019
0.209047572765
0.207804218865
0.20677443519
0.205106065745
0.205460101894
0.204380826869
0.202749047731
0.202259782744
0.201661582583
0.201252121408
0.19982280501
0.198700050426
0.197644560376
0.197316436503
0.196155015241
0.196109811217
0.194149159684
0.193501358842
0.192910760454
0.191511481724
0.190217610805
0.190654550685
0.189841065555
0.188654371981
0.188763381747
0.187943189265
0.186514919311
0.186163243168
0.18502318388
0.183598993372
0.183540325621
0.18206537799
0.182451803824
0.182167970055
0.180340690941
0.179532026506
0.181337851121
0.178313838992
0.176597923171
0.177523322712
0.175795146229
0.175319319907
0.174728454784
0.173961730287
0.172971722138
0.17214465241
0.171317994869
0.170976681025
0.170599218335
0.170464010746
0.169099561087
0.168683701509
0.167194496108
0.166658920021
0.166075551385
0.165362047956
0.16520145946
0.163162162301
0.162548235017
0.162395348306
0.162131288532
0.161209451715
0.160966247716
0.160143211188
0.158924394848
0.158628367196
0.158403255755
0.157091453636
0.156508726538
0.157171229104
0.156975426436
0.155472477018
0.154477408516
0.155075159721
0.154437178234
0.151814981444
0.15191211148
0.151396747773
0.150538081636
0.150573990421
0.149869035412
0.148691774954
0.148453270467
0.147252541228
0.146852964133
0.146484822177
0.14569195194
0.144256613177
0.144623454774
0.144944407809
0.144244640678
0.139419061528
0.136710316474
0.136652348763
0.136342847074
0.136253598473
0.136197945623
0.136112362776
0.134868815489
0.13459583152
0.134458761737
0.134441624858
0.134466004052
0.134392173878
0.134096970955
0.134074054781
0.134066635211
0.1340590161
0.133980503987
0.133979415736
0.133978770937
0.133964532019
0.133965241976
0.133964105307
0.133961263129
0.133961193147
0.133961116082
0.133960574923
0.133960542631
0.13396052315
0.133960413295
0.133960408962
0.133960406162
