3.21560728902
2.23432736818
1.48369512969
1.15941069424
0.99812936688
0.909469535557
0.844272189338
0.810625966822
0.76914220654
0.745465590922
0.727555069378
0.715510689256
0.699693084186
0.686547746947
0.679838593346
0.668341477937
0.659765611344
0.649163492736
0.646747574095
0.632811556514
0.62865814618
0.628152253638
0.617314782216
0.617236770971
0.612592366223
0.602863671027
0.597989487604
0.59704727141
0.590538933149
0.582701736979
0.579667696108
0.576086640289
0.571982735991
0.565495830361
0.560037067904
0.556856158044
0.554190966741
0.548752570905
0.544563242195
0.541817964609
0.538902260525
0.533405624161
0.529887954489
0.526253673356
0.525220817959
0.520902353973
0.51670616968
0.513479137248
0.506162428956
0.502915708203
0.497157605496
0.498520260479
0.490090928964
0.490685944551
0.483909624633
0.483049962673
0.478915304026
0.473629108197
0.475020619915
0.47057476698
0.46423859231
0.459714067912
0.462078175185
0.45451476363
0.450896626595
0.446232122167
0.445989338833
0.442767610396
0.439136937855
0.436295429531
0.431200161295
0.428132321504
0.428288202027
0.423988677448
0.421902482112
0.417340948853
0.418400762159
0.411296505048
0.409094286464
0.408986709115
0.405041106956
0.402075549753
0.399673456173
0.394509813946
0.392100151686
0.389629968892
0.388762459076
0.38676891069
0.383774123039
0.384630745216
0.379457146943
0.376938112204
0.374352992282
0.37561247484
0.371256107057
0.365933712812
0.364634970473
0.364403155881
0.360269342042
0.358953960405
0.358270883966
0.356298866664
0.351841093016
0.350506595579
0.345551666768
0.347036433319
0.344557313592
0.340479065533
0.338995477702
0.338114511584
0.337567233483
0.334244880526
0.331416047114
0.329938771257
0.327231272517
0.325454847495
0.324099636627
0.323768500827
0.321780515346
0.318737506588
0.316631577798
0.314643516053
0.313762557549
0.313215065738
0.312506876765
0.310748217899
0.307306676064
0.305335807643
0.304489519808
0.303460509882
0.301129094868
0.299991181428
0.298606203076
0.297303385556
0.294575904499
0.294755638976
0.291650234348
0.291052231144
0.289046403785
0.287221305999
0.284604092077
0.283342854616
0.283610891333
0.28193422093
0.280341714921
0.279645929908
0.276005331747
0.276848373238
0.27597232288
0.27264880332
0.271730121389
0.269804421668
0.269112930251
0.267486898359
0.265579554198
0.264591762857
0.265173295087
0.261817508516
0.261335819365
0.259588582114
0.258935595435
0.257963328119
0.254993031977
0.253473492929
0.252564645136
0.251508303287
0.250639255074
0.249684458562
0.248933488675
0.246352353452
0.244176786482
0.247658528046
0.244948355038
0.240924379155
0.240698886351
0.239678847011
0.239295125885
0.237222237994
0.236933561454
0.237494810644
0.234146222662
0.234884514167
0.232889925959
0.231656490744
0.230318928861
0.229371898343
0.227707343451
0.226854302709
0.227580190899
0.224433537346
0.225159664133
0.224238419556
0.222262718475
0.220916750901
0.218915160164
0.218575717317
0.218599768331
0.217880978347
0.21629234668
0.216337095874
0.213475475161
0.212855096326
0.213845548945
0.211241480969
0.209791758335
0.209237002665
0.207708463919
0.209105020721
0.207572389439
0.205824260996
0.20429427985
0.203441739449
0.202220933615
0.202693163447
0.202150550308
0.20041552757
0.200329147913
0.198984674101
0.19844039324
0.196648534794
0.197009074944
0.195573961327
0.195317810529
0.193535006704
0.193458455761
0.191736887215
0.191260065469
0.191855679566
0.190149122784
0.188871142953
0.188506494852
0.186292382326
0.185955301247
0.186553004468
0.185360934305
0.184600829236
0.182662841267
0.183478385699
0.183870788372
0.181947134683
0.179595363527
0.180319249776
0.178423246129
0.177473312945
0.177441412121
0.176642056381
0.176192900474
0.174956142046
0.174382188673
0.174607644152
0.172871527239
0.172602622553
0.171078785346
0.171888029131
0.170077932838
0.169693378265
0.168672044286
0.168430631183
0.16745926754
0.167103015718
0.168267646126
0.165444902136
0.165077757517
0.163974955111
0.164608243022
0.162831668795
0.162300701842
0.162271757825
0.160395943443
0.160603562942
0.159891931739
0.158561512877
0.158383456393
0.158442771692
0.157240907801
0.15603483946
0.156356489379
0.155671926803
0.154376343528
0.154595429897
0.152658278064
0.152652129811
0.152001351475
0.152457753595
0.152446424548
0.150025766259
0.150113769705
0.150217747674
0.148718251905
0.147736996006
0.147800569564
0.14717477641
0.146749073822
0.146329444324
0.146421133903
0.145722800543
0.144295104696
0.143714540136
0.14402354147
0.143902904583
0.142748438183
0.141066572967
0.141250742028
0.141281509368
0.139613927948
0.13951849094
0.138462935133
0.138416163724
0.137702958806
0.139317484171
0.137360185235
0.137326347309
0.135426030404
0.135435192103
0.134379868854
0.134585177574
0.133610498181
0.132866009083
0.133810266119
0.131599060879
0.132162532953
0.130962211325
0.131064165232
0.130108875818
0.130428347306
0.12864915488
0.130010532661
0.129464313777
0.128852813598
0.124262333094
0.121906633725
0.121719989387
0.121527833817
0.121375225703
0.121353028543
0.121097351779
0.121007063064
0.120948827292
0.121214445406
0.120139978887
0.119662183696
0.119614697448
0.119604795429
0.11960807285
0.119311360229
0.119287152226
0.119285784885
0.11927063274
0.11921227239
0.119209105821
0.119206367523
0.119193300842
0.119193198024
0.119192443585
0.119189960778
0.119189908491
0.119189874923
0.1191893147
0.119189322523
0.119189316572
0.119189205977
0.119189201002
0.119189198618
