1;1.10810497;0
2;1.10215275;0
3;1.10061228;0
4;1.09838026;0
5;1.10001998;0
6;1.09930252;0
7;1.09795389;0
8;1.09990339;0
9;1.10188983;0
10;1.10186244;0
1;1.10858690;0
2;1.10314396;0
3;1.10053694;0
4;1.09876817;0
5;1.10071112;0
6;1.09948699;0
7;1.09788168;0
8;1.10003459;0
9;1.10179644;0
10;1.10105849;0
1;1.10879353;0
2;1.10211242;0
3;1.09982222;0
4;1.09839153;0
5;1.10042153;0
6;1.09950654;0
7;1.09796363;0
8;1.09992003;0
9;1.10145545;0
10;1.10106118;0
1;1.10824748;0
2;1.10230509;0
3;1.10068896;0
4;1.09831792;0
5;1.10003191;0
6;1.09933092;0
7;1.09795993;0
8;1.09996411;0
9;1.10159620;0
10;1.10138737;0
1;1.10852703;0
2;1.10288960;0
3;1.10049925;0
4;1.09873420;0
5;1.10060116;0
6;1.09937685;0
7;1.09801597;0
8;1.10003565;0
9;1.10159294;0
10;1.10101347;0
1;1.10905794;0
2;1.10192749;0
3;1.09990638;0
4;1.09795793;0
5;1.10018894;0
6;1.09839682;0
7;1.09795158;0
1;1.10726875;0
2;1.10220569;0
3;1.10050983;0
4;1.09856605;0
5;1.10000765;0
6;1.09898351;0
7;1.09792578;0
8;1.09998124;0
9;1.10188545;0
10;1.10179156;0
1;1.10841830;0
2;1.10267298;0
3;1.10036107;0
4;1.09895020;0
5;1.10067613;0
6;1.09909167;0
7;1.09799795;0
8;1.10003228;0
9;1.10150547;0
10;1.10055633;0
1;1.10834489;0
2;1.10214937;0
3;1.10066563;0
4;1.09822940;0
5;1.10002484;0
6;1.09933804;0
7;1.09803166;0
8;1.09984081;0
9;1.10157946;0
10;1.10127961;0
1;1.10851612;0
2;1.10283037;0
3;1.10039707;0
4;1.09911938;0
5;1.10070347;0
6;1.09916963;0
7;1.09799317;0
8;1.10010115;0
9;1.10172053;0
10;1.10065340;0
1;1.10835784;0 
2;1.10206682;0 
3;1.10053136;0 
4;1.09801016;0 
5;1.10022543;0 
6;1.09933039;0 
7;1.09804259;0 
1;1.10844090;0 
2;1.10261036;0 
3;1.10023855;0 
4;1.09855355;0 
5;1.10047084;0 
6;1.09931392;0 
7;1.09791558;0 
8;1.09996628;0 
9;1.10151970;0 
10;1.10086059;0 
1;1.10823218;0 
2;1.10279423;0 
3;1.10042553;0 
4;1.09921668;0 
5;1.10037470;0 
6;1.09926064;0 
7;1.09786777;0 
8;1.10012131;0 
9;1.10158546;0 
10;1.10060467;0 
1;1.10820501;0 
2;1.10246712;0 
3;1.10069026;0 
4;1.09823308;0 
5;1.10008607;0 
6;1.09951419;0 
7;1.09802326;0 
8;1.09977273;0 
9;1.10149165;0 
10;1.10118663;0 
1;1.10837435;0 
2;1.10233047;0 
3;1.10065047;0 
4;1.09834373;0 
5;1.10019549;0 
6;1.09934427;0 
7;1.09796699;0 
8;1.10009055;0 
9;1.10162298;0 
10;1.10160775;0 
1;1.10650821;0 
2;1.10249795;0 
3;1.10049926;0 
4;1.09928224;0 
5;1.10047550;0 
6;1.09917611;0 
7;1.09805654;0 
8;1.10023269;0 
9;1.10173540;0 
10;1.10119516;0 
1;1.10850569;0 
2;1.10237463;0 
3;1.10032484;0 
4;1.09852997;0 
5;1.10007685;0 
6;1.09929474;0 
7;1.09796419;0 
8;1.10003019;0 
9;1.10170938;0 
10;1.10129829;0 
1;1.10871727;0 
2;1.10185222;0 
3;1.10002892;0 
4;1.09809583;0 
5;1.10028399;0 
6;1.09960302;0 
7;1.09798156;0 
8;1.09971558;0 
9;1.10128693;0 
10;1.10093938;0 
1;1.10848865;0 
2;1.10244089;0 
3;1.10035668;0 
4;1.09848593;0 
5;1.10008131;0 
6;1.09936042;0 
7;1.09790070;0 
8;1.09995119;0 
9;1.10158618;0 
10;1.10130467;0 
1;1.10824550;0 
2;1.10180765;0 
3;1.10024334;0 
4;1.09825707;0 
5;1.10011059;0 
6;1.09924935;0 
7;1.09795481;0 
8;1.09989611;0 
9;1.10146226;0 
10;1.10134386;0 
1;1.61414744;0
2;2.99858675;0
3;3.94138298;0
4;3.70666871;0
5;2.85246092;0
6;1.60483623;0
7;1.34280969;0
8;1.18062106;0
9;1.15274788;0
10;1.12089814;0
11;1.11271562;0
12;1.13036205;0
13;1.10495330;0
14;1.10461558;0
15;1.10202086;0
16;1.10232163;0
17;1.11524960;0
18;1.10960745;0
19;1.10118318;0
20;1.10105124;0
21;1.09896921;0
22;1.10121695;0
23;1.09982751;0
24;1.10028149;0
25;1.09857255;0
26;1.09810120;0
27;1.09843388;0
28;1.09829200;0
29;1.09860548;0
30;1.09837778;0
31;1.09829968;0
32;1.09825384;0
33;1.09811297;0
34;1.09810105;0
35;1.09809453;0
36;1.09806702;0
37;1.09807317;0
38;1.09806719;0
39;1.09806430;0
40;1.09806409;0
41;1.09806370;0
42;1.09806330;0
43;1.09806327;0
44;1.09806326;0
1;1.56052593;0
2;2.53789571;0
3;2.50061491;0
4;4.12158280;0
5;8.24586542;0
6;6.37022726;0
7;3.32792465;0
8;3.78308616;0
9;3.79237249;0
10;1.51671146;0
11;1.23888852;0
12;1.14384851;0
13;1.11309061;0
14;1.10676831;0
15;1.10144808;0
16;1.09978285;0
17;1.10118245;0
18;1.09866076;0
19;1.09852155;0
20;1.09990388;0
21;1.09893729;0
22;1.10049747;0
23;1.10030401;0
24;1.09892056;0
25;1.09864569;0
26;1.09817759;0
27;1.09820495;0
28;1.09823669;0
29;1.09826041;0
30;1.09819217;0
31;1.09817926;0
32;1.09818451;0
33;1.09816895;0
34;1.09817046;0
35;1.09817090;0
36;1.09816820;0
37;1.09816931;0
38;1.09816825;0
39;1.09816766;0
40;1.09816785;0
41;1.09816767;0
1;1.61350036;0
2;1.97237186;0
3;2.10002010;0
4;1.89014107;0
5;2.29396727;0
6;1.56224243;0
7;1.25068213;0
8;1.16561901;0
9;1.13360671;0
10;1.12054007;0
11;1.13083287;0
12;1.14572995;0
13;1.11388318;0
14;1.11154009;0
15;1.10957573;0
16;1.10440754;0
17;1.11731669;0
18;1.11301334;0
19;1.10414906;0
20;1.11773433;0
21;1.11707857;0
22;1.11713322;0
23;1.19697329;0
24;1.14698450;0
25;1.11037617;0
26;1.11706431;0
27;1.10533983;0
28;1.10076289;0
29;1.09885146;0
30;1.09890751;0
31;1.09813188;0
32;1.09849711;0
33;1.09821012;0
34;1.09827409;0
35;1.09796064;0
36;1.09800228;0
37;1.09820222;0
38;1.09802083;0
39;1.09797682;0
40;1.09797690;0
41;1.09796317;0
42;1.09795167;0
43;1.09795156;0
44;1.09795234;0
45;1.09794758;0
46;1.09794875;0
47;1.09794793;0
48;1.09794772;0
49;1.09794763;0
50;1.09794769;0
1;1.56082459;0
2;2.05491085;0
3;2.65611026;0
4;5.01300154;0
5;8.25774736;0
6;5.44381151;0
7;2.41175036;0
8;2.08918136;0
9;1.36584573;0
10;1.16892357;0
11;1.11977903;0
12;1.10343981;0
13;1.10184717;0
14;1.10352599;0
15;1.10019778;0
16;1.09918089;0
17;1.10080136;0
18;1.09880828;0
19;1.09846100;0
20;1.09965261;0
21;1.09891944;0
22;1.10026936;0
23;1.10042570;0
24;1.09894972;0
25;1.09851166;0
26;1.09809841;0
27;1.09811235;0
28;1.09814941;0
29;1.09817598;0
30;1.09810244;0
31;1.09808840;0
32;1.09809479;0
33;1.09807985;0
34;1.09808083;0
35;1.09808196;0
36;1.09807923;0
37;1.09808011;0
38;1.09807901;0
39;1.09807852;0
40;1.09807869;0
41;1.09807850;0
1;1.58395570;0
2;2.43444827;0
3;3.33146171;0
4;2.55386037;0
5;2.39656038;0
6;1.47960911;0
7;1.23658806;0
8;1.14041954;0
9;1.12823750;0
10;1.11471039;0
11;1.12017883;0
12;1.13793923;0
13;1.10643621;0
14;1.10930183;0
15;1.10277708;0
16;1.10164303;0
17;1.11665365;0
18;1.11314335;0
19;1.10570117;0
20;1.10860066;0
21;1.09966848;0
22;1.10175528;0
23;1.09965850;0
24;1.10114391;0
25;1.09846936;0
26;1.09826514;0
27;1.09840446;0
28;1.09836781;0
29;1.09850002;0
30;1.09837950;0
31;1.09832205;0
32;1.09824721;0
33;1.09808607;0
34;1.09808017;0
35;1.09807283;0
36;1.09805470;0
37;1.09805457;0
38;1.09804745;0
39;1.09804761;0
40;1.09804599;0
41;1.09804378;0
42;1.09804393;0
43;1.09804352;0
44;1.09804363;0
45;1.09804362;0
1;1.67147338;0
2;1.89532467;0
3;1.36257188;0
4;1.94447327;0
5;1.74266838;0
6;1.37189738;0
7;1.20648863;0
8;1.26730108;0
9;1.14344926;0
10;1.13550658;0
11;1.11415353;0
12;1.10100695;0
13;1.09952819;0
14;1.09813505;0
15;1.09967401;0
16;1.09898885;0
17;1.09844456;0
18;1.09804559;0
19;1.09798183;0
20;1.09795028;0
21;1.09793711;0
22;1.09792264;0
23;1.09790810;0
24;1.09790717;0
25;1.09790462;0
26;1.09790336;0
27;1.09790276;0
28;1.09790249;0
29;1.09790229;0
30;1.09790235;0
1;1.63674188;0
2;2.36063854;0
3;3.60253350;0
4;4.25522730;0
5;8.30443701;0
6;3.57366072;0
7;2.09061452;0
8;1.74597509;0
9;1.37065464;0
10;1.20292702;0
11;1.13769976;0
12;1.12076459;0
13;1.10248178;0
14;1.10020719;0
15;1.10081842;0
16;1.09961897;0
17;1.09822273;0
18;1.09789506;0
19;1.09776083;0
20;1.09767542;0
21;1.09765062;0
22;1.09763477;0
23;1.09762245;0
24;1.09761843;0
25;1.09761694;0
26;1.09761411;0
27;1.09761379;0
28;1.09761351;0
1;1.65872505;0
2;1.93865673;0
3;1.63782117;0
4;1.27883250;0
5;1.70707798;0
6;1.46650908;0
7;1.25441035;0
8;1.17361463;0
9;1.21061478;0
10;1.13557725;0
11;1.10808418;0
12;1.11115970;0
13;1.10353270;0
14;1.10014938;0
15;1.09948796;0
16;1.09816108;0
17;1.09837320;0
18;1.09824860;0
19;1.09825642;0
20;1.09822202;0
21;1.09822135;0
22;1.09822167;0
23;1.09821918;0
24;1.09821682;0
25;1.09821726;0
26;1.09821669;0
27;1.09821638;0
28;1.09821644;0
29;1.09821617;0
1;1.70588477;0
2;2.20740619;0
3;1.19885973;0
4;1.93146949;0
5;1.70160036;0
6;1.97582306;0
7;2.86213786;0
8;4.95789791;0
9;2.70959209;0
10;1.57307399;0
11;1.63126514;0
12;1.26890506;0
13;1.13611291;0
14;1.12378080;0
15;1.12745564;0
16;1.10325238;0
17;1.10337410;0
18;1.10063499;0
19;1.09900719;0
20;1.09829517;0
21;1.09818087;0
22;1.09811753;0
23;1.09807914;0
24;1.09807245;0
25;1.09806989;0
26;1.09806879;0
27;1.09806672;0
28;1.09806712;0
29;1.09806636;0
30;1.09806612;0
31;1.09806609;0
1;1.66443271;0
2;2.13339698;0
3;2.21442781;0
4;2.29062656;0
5;2.32097849;0
6;1.49235473;0
7;1.27411717;0
8;1.39141208;0
9;1.17522383;0
10;1.14685683;0
11;1.14598621;0
12;1.10751209;0
13;1.10440326;0
14;1.09882351;0
15;1.09861908;0
16;1.09886745;0
17;1.09858730;0
18;1.09837627;0
19;1.09832789;0
20;1.09829186;0
21;1.09828056;0
22;1.09826996;0
23;1.09825802;0
24;1.09825709;0
25;1.09825643;0
26;1.09825491;0
27;1.09825466;0
28;1.09825474;0
1;1.69861439;0
2;2.17744502;0
3;1.86836677;0
4;1.70966103;0
5;2.81233163;0
6;1.68379628;0
7;1.24972627;0
8;1.42666915;0
9;1.22197657;0
10;1.14691134;0
11;1.11087062;0
12;1.10438771;0
13;1.10109556;0
14;1.10285813;0
15;1.10009389;0
16;1.09897938;0
17;1.09865801;0
18;1.09840142;0
19;1.09838665;0
20;1.09812597;0
21;1.09814939;0
22;1.09815553;0
23;1.09814422;0
24;1.09814102;0
25;1.09814253;0
26;1.09814079;0
27;1.09814029;0
28;1.09814104;0
29;1.09814012;0
30;1.09813995;0
31;1.09814000;0
1;1.67837632;0
2;2.90226137;0
3;2.73632568;0
4;1.53380453;0
5;2.17462759;0
6;1.40451441;0
7;1.19002367;0
8;1.29145995;0
9;1.17238140;0
10;1.12600318;0
11;1.10656136;0
12;1.10550398;0
13;1.09965813;0
14;1.09865740;0
15;1.09837293;0
16;1.09826377;0
17;1.09796864;0
18;1.09789614;0
19;1.09789667;0
20;1.09787405;0
21;1.09787851;0
22;1.09787685;0
23;1.09787164;0
24;1.09787165;0
25;1.09787187;0
26;1.09787116;0
27;1.09787112;0
28;1.09787126;0
1;1.56483687;0
2;2.05319615;0
3;2.09745730;0
4;2.02214302;0
5;2.76978361;0
6;1.83381724;0
7;1.30202687;0
8;1.25990562;0
9;1.17567990;0
10;1.12108013;0
11;1.11298933;0
12;1.10336328;0
13;1.10098879;0
14;1.09879039;0
15;1.09851494;0
16;1.09853829;0
17;1.09836734;0
18;1.09824442;0
19;1.09822820;0
20;1.09819167;0
21;1.09819150;0
22;1.09818755;0
23;1.09818091;0
24;1.09818026;0
25;1.09818001;0
26;1.09817938;0
27;1.09817904;0
28;1.09817919;0
1;1.80150515;0
2;2.16880760;0
3;1.65201784;0
4;1.84052617;0
5;1.59151778;0
6;2.54907952;0
7;1.63810611;0
8;1.30684845;0
9;1.32112013;0
10;1.14628450;0
11;1.11742932;0
12;1.10024960;0
13;1.10306525;0
14;1.09793978;0
15;1.09986988;0
16;1.09957618;0
17;1.09892238;0
18;1.09832504;0
19;1.09824439;0
20;1.09823070;0
21;1.09823133;0
22;1.09822583;0
23;1.09821921;0
24;1.09821791;0
25;1.09821804;0
26;1.09821752;0
27;1.09821725;0
28;1.09821739;0
29;1.09821709;0
1;1.69164178;0
2;2.19922466;0
3;1.88996739;0
4;1.84472192;0
5;2.33247045;0
6;2.16683435;0
7;1.42362541;0
8;1.21153393;0
9;1.32581029;0
10;1.14211421;0
11;1.12484967;0
12;1.11608001;0
13;1.10163962;0
14;1.10057727;0
15;1.09901174;0
16;1.09906584;0
17;1.09899437;0
18;1.09844238;0
19;1.09834549;0
20;1.09830638;0
21;1.09828525;0
22;1.09827146;0
23;1.09825922;0
24;1.09825617;0
25;1.09825508;0
26;1.09825362;0
27;1.09825303;0
28;1.09825298;0
29;1.09825245;0
1;1.62065959;0
2;1.93483798;0
3;1.96457199;0
4;1.38319357;0
5;1.89530746;0
6;1.73084994;0
7;1.72405736;0
8;1.25963051;0
9;1.17652212;0
10;1.25594891;0
11;1.15454658;0
12;1.11448827;0
13;1.11205974;0
14;1.10236423;0
15;1.10125991;0
16;1.09865394;0
17;1.09807441;0
18;1.09796188;0
19;1.09789254;0
20;1.09788129;0
21;1.09789069;0
22;1.09788275;0
23;1.09788237;0
24;1.09787832;0
25;1.09787598;0
26;1.09787620;0
27;1.09787532;0
28;1.09787480;0
29;1.09787490;0
30;1.09787468;0
1;1.66516226;0
2;2.36972963;0
3;2.53556287;0
4;2.69206756;0
5;3.66237789;0
6;2.09075801;0
7;1.47615402;0
8;1.37720756;0
9;1.18705971;0
10;1.13510203;0
11;1.11514793;0
12;1.11186468;0
13;1.10100424;0
14;1.09983608;0
15;1.09907849;0
16;1.09879973;0
17;1.09836148;0
18;1.09826272;0
19;1.09825059;0
20;1.09822908;0
21;1.09822835;0
22;1.09822553;0
23;1.09821994;0
24;1.09821849;0
25;1.09821830;0
26;1.09821755;0
27;1.09821707;0
28;1.09821722;0
29;1.09821689;0
1;1.70897773;0
2;1.66704405;0
3;2.24509510;0
4;3.53384081;0
5;4.04091654;0
6;1.82099822;0
7;1.35757029;0
8;1.83572301;0
9;1.32407049;0
10;1.19279743;0
11;1.18844397;0
12;1.14357821;0
13;1.10977621;0
14;1.10522241;0
15;1.10041474;0
16;1.09883335;0
17;1.09800750;0
18;1.09803487;0
19;1.09802720;0
20;1.09798860;0
21;1.09798825;0
22;1.09798377;0
23;1.09797756;0
24;1.09797687;0
25;1.09797689;0
26;1.09797560;0
27;1.09797562;0
28;1.09797568;0
1;1.65276043;0
2;1.90092197;0
3;1.95804735;0
4;1.89399764;0
5;1.24905377;0
6;1.13695924;0
7;1.12210075;0
8;1.17991213;0
9;1.11413456;0
10;1.11229244;0
11;1.10371096;0
12;1.10317240;0
13;1.09870223;0
14;1.09863075;0
15;1.09887671;0
16;1.09854468;0
17;1.09836022;0
18;1.09816428;0
19;1.09815333;0
20;1.09813082;0
21;1.09813738;0
22;1.09813509;0
23;1.09812887;0
24;1.09812858;0
25;1.09812873;0
26;1.09812824;0
27;1.09812808;0
28;1.09812826;0
1;1.67334242;0
2;2.30995072;0
3;3.96570932;0
4;8.17767764;0
5;7.44067234;0
6;9.50379265;0
7;4.48637796;0
8;2.44432296;0
9;1.89049930;0
10;1.31404288;0
11;1.21897865;0
12;1.21178681;0
13;1.17196569;0
14;1.10322451;0
15;1.10487603;0
16;1.10661088;0
17;1.10435381;0
18;1.10227661;0
19;1.10125795;0
20;1.10066376;0
21;1.10036463;0
22;1.10024225;0
23;1.10018275;0
24;1.10013260;0
25;1.10010945;0
26;1.10009861;0
27;1.10008867;0
28;1.10008424;0
29;1.10008228;0
1;1.65553307;0
2;1.76388841;0
3;1.99746742;0
4;1.86829009;0
5;1.44390877;0
6;1.14059000;0
7;1.10999929;0
8;1.11067092;0
9;1.12835619;0
10;1.10747007;0
11;1.10028414;0
12;1.10249067;0
13;1.09987146;0
14;1.09892616;0
15;1.09894129;0
16;1.09833127;0
17;1.09842796;0
18;1.09824723;0
19;1.09824391;0
20;1.09821806;0
21;1.09821658;0
22;1.09821714;0
23;1.09821386;0
24;1.09821224;0
25;1.09821267;0
26;1.09821214;0
27;1.09821189;0
28;1.09821203;0
29;1.09821175;0
1;1.73345173;0
2;2.25433096;0
3;1.79001095;0
4;2.82415171;0
5;2.15919553;0
6;1.89697538;0
7;1.34402554;0
8;1.27316001;0
9;1.21920635;0
10;1.12718206;0
11;1.10609299;0
12;1.10410282;0
13;1.10283348;0
14;1.09788770;0
15;1.09939354;0
16;1.09885854;0
17;1.09845617;0
18;1.09802083;0
19;1.09800131;0
20;1.09799276;0
21;1.09799413;0
22;1.09799221;0
23;1.09798795;0
24;1.09798719;0
25;1.09798743;0
26;1.09798697;0
27;1.09798665;0
28;1.09798682;0
29;1.09798660;0
1;1.66499229;0
2;2.13491987;0
3;2.59060902;0
4;2.49065805;0
5;2.68837408;0
6;1.57421975;0
7;1.23259661;0
8;1.12917036;0
9;1.10268169;0
10;1.10062210;0
11;1.10179664;0
12;1.10145763;0
13;1.09856774;0
14;1.09851178;0
15;1.09855906;0
16;1.09841322;0
17;1.09833041;0
18;1.09820841;0
19;1.09820794;0
20;1.09818742;0
21;1.09819181;0
22;1.09819162;0
23;1.09818655;0
24;1.09818635;0
25;1.09818650;0
26;1.09818612;0
27;1.09818598;0
28;1.09818616;0
1;1.70906725;0
2;2.06656244;0
3;2.14027476;0
4;1.81306728;0
5;5.84555620;0
6;2.83856112;0
7;2.00497651;0
8;1.40395670;0
9;1.21678261;0
10;1.17445515;0
11;1.16919271;0
12;1.11587384;0
13;1.10821658;0
14;1.10780821;0
15;1.10118961;0
16;1.09938520;0
17;1.09830260;0
18;1.09851447;0
19;1.09854219;0
20;1.09825223;0
21;1.09825066;0
22;1.09824251;0
23;1.09822784;0
24;1.09821406;0
25;1.09821241;0
26;1.09820661;0
27;1.09819813;0
28;1.09820070;0
29;1.09819742;0
30;1.09819539;0
31;1.09819550;0
32;1.09819523;0
33;1.09819520;0
34;1.09819507;0
1;1.67694827;0
2;1.98153130;0
3;1.63012072;0
4;1.85508937;0
5;2.24259072;0
6;1.61730851;0
7;1.25214467;0
8;1.16912731;0
9;1.15472992;0
10;1.14507006;0
11;1.13410121;0
12;1.10690739;0
13;1.10158521;0
14;1.10209968;0
15;1.09968138;0
16;1.09928983;0
17;1.09847834;0
18;1.09841965;0
19;1.09843644;0
20;1.09820713;0
21;1.09823409;0
22;1.09823386;0
23;1.09821748;0
24;1.09821369;0
25;1.09821418;0
26;1.09821303;0
27;1.09821193;0
28;1.09821259;0
29;1.09821174;0
30;1.09821153;0
31;1.09821157;0
1;1.67962236;0
2;3.05401274;0
3;3.05873554;0
4;5.26630851;0
5;6.48145425;0
6;3.70416166;0
7;2.08377627;0
8;1.47727505;0
9;1.76680455;0
10;1.28675939;0
11;1.17055735;0
12;1.13322420;0
13;1.11148192;0
14;1.10330288;0
15;1.09918572;0
16;1.09977690;0
17;1.09940422;0
18;1.09882318;0
19;1.09865736;0
20;1.09855640;0
21;1.09850230;0
22;1.09847283;0
23;1.09845393;0
24;1.09844502;0
25;1.09844026;0
26;1.09843833;0
27;1.09843594;0
28;1.09843540;0
29;1.09843491;0
1;1.63484563;0
2;2.22908555;0
3;5.36673636;0
4;4.37747721;0
5;4.64163990;0
6;7.94517240;0
7;4.46468464;0
8;2.32610488;0
9;2.90119227;0
10;1.60160116;0
11;1.40660206;0
12;1.42619805;0
13;1.23753045;0
14;1.11352397;0
15;1.12283330;0
16;1.11559876;0
17;1.10712069;0
18;1.10276686;0
19;1.10101426;0
20;1.10018181;0
21;1.09981907;0
22;1.09968519;0
23;1.09962504;0
24;1.09957373;0
25;1.09955131;0
26;1.09954047;0
27;1.09953099;0
28;1.09952688;0
29;1.09952497;0
1;1.64657601;0
2;1.92733435;0
3;1.91867846;0
4;2.26406850;0
5;2.17586352;0
6;2.30680805;0
7;1.46293361;0
8;1.17072488;0
9;1.13435445;0
10;1.10890073;0
11;1.10192908;0
12;1.10774461;0
13;1.10039291;0
14;1.09932470;0
15;1.09899664;0
16;1.09823235;0
17;1.09834840;0
18;1.09813335;0
19;1.09811634;0
20;1.09809070;0
21;1.09808696;0
22;1.09808394;0
23;1.09807892;0
24;1.09807731;0
25;1.09807745;0
26;1.09807665;0
27;1.09807641;0
28;1.09807650;0
29;1.09807618;0
1;1.64520356;0
2;2.20889137;0
3;3.41479532;0
4;5.05909032;0
5;6.14757209;0
6;2.52961515;0
7;1.71019831;0
8;1.52754722;0
9;1.22645615;0
10;1.12701355;0
11;1.12723318;0
12;1.10504096;0
13;1.09992513;0
14;1.09944459;0
15;1.09847326;0
16;1.09805223;0
17;1.09806180;0
18;1.09800232;0
19;1.09801112;0
20;1.09798466;0
21;1.09799048;0
22;1.09799092;0
23;1.09798910;0
24;1.09798847;0
25;1.09798859;0
26;1.09798833;0
27;1.09798818;0
28;1.09798830;0
1;1.79121295;0
2;2.11205983;0
3;2.74903393;0
4;5.02429605;0
5;1.99611686;0
6;1.48831208;0
7;1.89055584;0
8;1.36621381;0
9;1.21772638;0
10;1.16789740;0
11;1.11781488;0
12;1.10610551;0
13;1.10577353;0
14;1.10499064;0
15;1.09990493;0
16;1.09965907;0
17;1.09887347;0
18;1.09830367;0
19;1.09812243;0
20;1.09813180;0
21;1.09814680;0
22;1.09813479;0
23;1.09812808;0
24;1.09812784;0
25;1.09812702;0
26;1.09812685;0
27;1.09812664;0
28;1.09812657;0
29;1.09812648;0
30;1.09812648;0
1;3.38057364;0
2;3.37685345;0
3;3.38104327;0
4;3.36962318;0
5;3.37760432;0
6;3.35935264;0
7;3.35649369;0
8;3.34416479;0
9;3.34215495;0
10;3.30752998;0
11;3.27290710;0
12;3.27570051;0
13;3.26441278;0
14;3.26007490;0
15;3.26090698;0
16;3.25971024;0
17;3.25808469;0
18;3.25800584;0
19;3.25749882;0
20;3.25744976;0
21;3.25742083;0
22;3.25728156;0
23;3.25727581;0
24;3.25728860;0
25;3.25724902;0
26;3.25724649;0
27;3.25724587;0
28;3.25723906;0
29;3.25723918;0
30;3.25723881;0
31;3.25723765;0
32;3.25723771;0
33;3.25723765;0
1;3.36648091;0
2;3.38781324;0
3;3.37527370;0
4;3.37373652;0
5;3.37004136;0
6;3.31845543;0
7;3.28187747;0
8;3.27601302;0
9;3.27483028;0
10;3.28153416;0
11;3.27847415;0
12;3.27816579;0
13;3.26526892;0
14;3.26088950;0
15;3.26192270;0
16;3.26040716;0
17;3.25854457;0
18;3.25848341;0
19;3.25791901;0
20;3.25781212;0
21;3.25777035;0
22;3.25759728;0
23;3.25759684;0
24;3.25760743;0
25;3.25756176;0
26;3.25755866;0
27;3.25755782;0
28;3.25754986;0
29;3.25754994;0
30;3.25754946;0
31;3.25754811;0
32;3.25754821;0
33;3.25754811;0
1;3.36603744;0
2;3.38585888;0
3;3.37814859;0
4;3.37515146;0
5;3.37666067;0
6;3.31962460;0
7;3.28195421;0
8;3.27631728;0
9;3.26815446;0
10;3.26198015;0
11;3.26190346;0
12;3.26183675;0
13;3.26083062;0
14;3.25853750;0
15;3.25854684;0
16;3.25805216;0
17;3.25791012;0
18;3.25782687;0
19;3.25764947;0
20;3.25764289;0
21;3.25763837;0
22;3.25760384;0
23;3.25760341;0
24;3.25760590;0
25;3.25759648;0
26;3.25759589;0
27;3.25759570;0
28;3.25759402;0
29;3.25759403;0
30;3.25759395;0
1;3.36911079;0
2;3.37555164;0
3;3.38303975;0
4;3.37371732;0
5;3.38006317;0
6;3.36705811;0
7;3.35715295;0
8;3.29418913;0
9;3.27352691;0
10;3.27825149;0
11;3.26691586;0
12;3.26113779;0
13;3.26117712;0
14;3.26027997;0
15;3.25836436;0
16;3.25841200;0
17;3.25786935;0
18;3.25772945;0
19;3.25771967;0
20;3.25750393;0
21;3.25750319;0
22;3.25750173;0
23;3.25749992;0
24;3.25751195;0
25;3.25750628;0
26;3.25750003;0
27;3.25749607;0
28;3.25749522;0
29;3.25749768;0
30;3.25745854;0
31;3.25745987;0
32;3.25746135;0
33;3.25745242;0
34;3.25745303;0
35;3.25745314;0
36;3.25745123;0
37;3.25745125;0
38;3.25745125;0
1;3.36787450;0
2;3.38638786;0
3;3.37406455;0
4;3.37320992;0
5;3.37247769;0
6;3.31848473;0
7;3.28235554;0
8;3.27697323;0
9;3.27434655;0
10;3.26687965;0
11;3.26219883;0
12;3.26188173;0
13;3.26112240;0
14;3.25862934;0
15;3.25864500;0
16;3.25815592;0
17;3.25799253;0
18;3.25790761;0
19;3.25772434;0
20;3.25771229;0
21;3.25770973;0
22;3.25767521;0
23;3.25767545;0
24;3.25767823;0
25;3.25766804;0
26;3.25766766;0
27;3.25766737;0
28;3.25766576;0
29;3.25766575;0
30;3.25766567;0
1;1.68184179;0
2;2.49114473;0
3;3.36656987;0
4;3.68831963;0
5;10.46687063;0
6;5.55535489;0
7;2.70880039;0
8;2.98409775;0
9;1.73853468;0
10;1.32061058;0
11;1.26397452;0
12;1.15491680;0
13;1.11331033;0
14;1.10591218;0
15;1.10595808;0
16;1.10247274;0
17;1.10023052;0
18;1.09919947;0
19;1.09886383;0
20;1.09869647;0
21;1.09862775;0
22;1.09858833;0
23;1.09855852;0
24;1.09854961;0
25;1.09854454;0
26;1.09853851;0
27;1.09853533;0
28;1.09853303;0
29;1.09852702;0
30;1.09852488;0
31;1.09852066;0
32;1.09851677;0
33;1.09851382;0
34;1.09850993;0
35;1.09850822;0
36;1.09850254;0
37;1.09850018;0
38;1.09849603;0
39;1.09849215;0
40;1.09849030;0
41;1.09848788;0
42;1.09848692;0
1;1.63059948;0
2;2.06220595;0
3;1.97584718;0
4;1.95080614;0
5;1.58343593;0
6;1.16009596;0
7;1.12686846;0
8;1.13895916;0
9;1.18316472;0
10;1.12537099;0
11;1.10713030;0
12;1.10434529;0
13;1.10237103;0
14;1.09882277;0
15;1.09916168;0
16;1.09811101;0
17;1.09815414;0
18;1.09793071;0
19;1.09794492;0
20;1.09792366;0
21;1.09792825;0
22;1.09792718;0
23;1.09792426;0
24;1.09792274;0
25;1.09792324;0
26;1.09792286;0
27;1.09792267;0
28;1.09792282;0
29;1.09792261;0
1;1.63306554;0
2;2.05842358;0
3;1.97551743;0
4;2.38737041;0
5;1.67907008;0
6;1.67061602;0
7;1.50136238;0
8;3.52772941;0
9;2.32886065;0
10;1.49077009;0
11;1.52545313;0
12;1.22004144;0
13;1.13881894;0
14;1.12459563;0
15;1.10219936;0
16;1.10168425;0
17;1.09938214;0
18;1.09824127;0
19;1.09832327;0
20;1.09810688;0
21;1.09805398;0
22;1.09805099;0
23;1.09803952;0
24;1.09802575;0
25;1.09802652;0
26;1.09802454;0
27;1.09802224;0
28;1.09802242;0
29;1.09802158;0
30;1.09802091;0
31;1.09802093;0
32;1.09802092;0
1;1.66071053;0
2;1.95652811;0
3;3.69739386;0
4;4.69411694;0
5;7.79076613;0
6;3.12738519;0
7;2.00270322;0
8;1.96434176;0
9;1.36307884;0
10;1.19937770;0
11;1.12344557;0
12;1.13981356;0
13;1.10378062;0
14;1.10432142;0
15;1.10391462;0
16;1.10130992;0
17;1.09900554;0
18;1.09867603;0
19;1.09851087;0
20;1.09838688;0
21;1.09836104;0
22;1.09835076;0
23;1.09834522;0
24;1.09833917;0
25;1.09833736;0
26;1.09833551;0
27;1.09833485;0
28;1.09833448;0
1;1.67852500;0
2;1.79947783;0
3;1.93547553;0
4;1.69031932;0
5;1.71509479;0
6;2.32414091;0
7;1.52807817;0
8;1.31706100;0
9;1.41056594;0
10;1.18481440;0
11;1.12958072;0
12;1.11223960;0
13;1.10791553;0
14;1.09908671;0
15;1.10035020;0
16;1.09912723;0
17;1.09870191;0
18;1.09823503;0
19;1.09822552;0
20;1.09821557;0
21;1.09823030;0
22;1.09822001;0
23;1.09821710;0
24;1.09821634;0
25;1.09821557;0
26;1.09821577;0
27;1.09821544;0
28;1.09821532;0
29;1.09821533;0
30;1.09821529;0
1;1.56703258;0
2;2.63584041;0
3;3.70493415;0
4;6.45757850;0
5;4.59251163;0
6;2.16322149;0
7;1.37173352;0
8;1.14174073;0
9;1.13152006;0
10;1.11209513;0
11;1.10904201;0
12;1.12252668;0
13;1.10483038;0
14;1.10456498;0
15;1.10354200;0
16;1.10323764;0
17;1.11594706;0
18;1.10921225;0
19;1.10594699;0
20;1.11457008;0
21;1.10292720;0
22;1.10180835;0
23;1.10145392;0
24;1.10034708;0
25;1.09864632;0
26;1.09986245;0
27;1.09969734;0
28;1.10042837;0
29;1.09872608;0
30;1.09910987;0
31;1.09821315;0
32;1.09837995;0
33;1.09824533;0
34;1.09825426;0
35;1.09804981;0
36;1.09808664;0
37;1.09823449;0
38;1.09811272;0
39;1.09806380;0
40;1.09806272;0
41;1.09805196;0
42;1.09804426;0
43;1.09804413;0
44;1.09804483;0
45;1.09804102;0
46;1.09804215;0
47;1.09804147;0
48;1.09804133;0
49;1.09804127;0
50;1.09804134;0
1;1.61274591;0
2;3.02429031;0
3;5.43397490;0
4;4.45513873;0
5;4.95350320;0
6;2.70289295;0
7;1.52107087;0
8;1.25722226;0
9;1.19112844;0
10;1.13624295;0
11;1.11268370;0
12;1.12379684;0
13;1.10742048;0
14;1.10327750;0
15;1.10370397;0
16;1.10209378;0
17;1.11123076;0
18;1.10742702;0
19;1.10540642;0
20;1.11172545;0
21;1.10190535;0
22;1.10190767;0
23;1.10063925;0
24;1.09972574;0
25;1.09845293;0
26;1.09894973;0
27;1.09949366;0
28;1.10002713;0
29;1.09837755;0
30;1.09874881;0
31;1.09817232;0
32;1.09831465;0
33;1.09818573;0
34;1.09819498;0
35;1.09796894;0
36;1.09799025;0
37;1.09813343;0
38;1.09802897;0
39;1.09798422;0
40;1.09798638;0
41;1.09797668;0
42;1.09796836;0
43;1.09796793;0
44;1.09796836;0
45;1.09796506;0
46;1.09796612;0
47;1.09796534;0
48;1.09796522;0
49;1.09796514;0
50;1.09796520;0
1;1.61410814;0
2;2.99445048;0
3;3.95281438;0
4;2.60706287;0
5;3.20904596;0
6;1.60306409;0
7;1.33641116;0
8;1.17749954;0
9;1.15834082;0
10;1.12524203;0
11;1.11638501;0
12;1.13403419;0
13;1.10520545;0
14;1.10619308;0
15;1.10228312;0
16;1.10199812;0
17;1.11548970;0
18;1.11053100;0
19;1.10569037;0
20;1.11027721;0
21;1.10047156;0
22;1.10173831;0
23;1.09972232;0
24;1.10098568;0
25;1.09859960;0
26;1.10005516;0
27;1.10049849;0
28;1.10059468;0
29;1.09866069;0
30;1.09913898;0
31;1.09823824;0
32;1.09841799;0
33;1.09824908;0
34;1.09828299;0
35;1.09803944;0
36;1.09806751;0
37;1.09823874;0
38;1.09810265;0
39;1.09804465;0
40;1.09804067;0
41;1.09803142;0
42;1.09802232;0
43;1.09802222;0
44;1.09802263;0
45;1.09801887;0
46;1.09801981;0
47;1.09801908;0
48;1.09801890;0
49;1.09801882;0
50;1.09801889;0
1;1.55477112;0
2;2.21120582;0
3;3.63824764;0
4;4.53368082;0
5;2.56098568;0
6;1.43233038;0
7;1.22745477;0
8;1.15386250;0
9;1.13619003;0
10;1.11793147;0
11;1.11486227;0
12;1.13414749;0
13;1.10512877;0
14;1.10887818;0
15;1.10077282;0
16;1.10166030;0
17;1.11567323;0
18;1.11266966;0
19;1.10377140;0
20;1.09958549;0
21;1.09933910;0
22;1.10017910;0
23;1.10008699;0
24;1.10049491;0
25;1.09808812;0
26;1.09798515;0
27;1.09811575;0
28;1.09815908;0
29;1.09824563;0
30;1.09811392;0
31;1.09805954;0
32;1.09801041;0
33;1.09786835;0
34;1.09786072;0
35;1.09785561;0
36;1.09784024;0
37;1.09783663;0
38;1.09783284;0
39;1.09783296;0
40;1.09783141;0
41;1.09782931;0
42;1.09782937;0
43;1.09782910;0
44;1.09782917;0
45;1.09782916;0
1;1.56342450;0
2;2.48212780;0
3;2.04308139;0
4;1.68851709;0
5;1.88019238;0
6;1.36024112;0
7;1.16536659;0
8;1.11110706;0
9;1.12234216;0
10;1.11419831;0
11;1.12159100;0
12;1.15081123;0
13;1.11410696;0
14;1.10381009;0
15;1.10015084;0
16;1.09906756;0
17;1.10080016;0
18;1.09947680;0
19;1.09873203;0
20;1.10094157;0
21;1.09898544;0
22;1.10142962;0
23;1.09908048;0
24;1.09838349;0
25;1.09835813;0
26;1.09827256;0
27;1.09855996;0
28;1.09821843;0
29;1.09827381;0
30;1.09824560;0
31;1.09817353;0
32;1.09817636;0
33;1.09816739;0
34;1.09816312;0
35;1.09816272;0
36;1.09816098;0
37;1.09816115;0
38;1.09815959;0
39;1.09815959;0
40;1.09815958;0
41;1.09815892;0
42;1.09815896;0
1;1.13121982;0
2;1.10670483;0
3;1.10326127;0
4;1.10466702;0
5;1.10819499;0
6;1.10149303;0
7;1.10113693;0
8;1.10116797;0
9;1.10208032;0
10;1.10143103;0
11;1.11991718;0
12;1.10817276;0
13;1.10036511;0
14;1.09845710;0
15;1.09943223;0
16;1.09898279;0
17;1.09892371;0
18;1.09805327;0
19;1.09795351;0
20;1.09794263;0
21;1.09784308;0
22;1.09776734;0
23;1.09782915;0
24;1.09779933;0
25;1.09779419;0
26;1.09780975;0
27;1.09780488;0
28;1.09780463;0
29;1.09780229;0
30;1.09780261;0
31;1.09780194;0
32;1.09780186;0
33;1.09780192;0
34;1.09780174;0
35;1.09780179;0
36;1.09780181;0
37;1.09780172;0
38;1.09780173;0
39;1.09780174;0
1;1.12912347;0
2;1.10542281;0
3;1.10247590;0
4;1.10332428;0
5;1.10697827;0
6;1.10118575;0
7;1.10182117;0
8;1.10077469;0
9;1.10162027;0
10;1.10183439;0
11;1.10797755;0
12;1.09873480;0
13;1.09950830;0
14;1.09874247;0
15;1.09860910;0
16;1.09833863;0
17;1.09865125;0
18;1.09834155;0
19;1.09834346;0
20;1.09790716;0
21;1.09786963;0
22;1.09808444;0
23;1.09804833;0
24;1.09766409;0
25;1.09773063;0
26;1.09779011;0
27;1.09776780;0
28;1.09775075;0
29;1.09773519;0
30;1.09773534;0
31;1.09773070;0
32;1.09772995;0
33;1.09773017;0
34;1.09772892;0
35;1.09772923;0
36;1.09772927;0
37;1.09772873;0
38;1.09772879;0
39;1.09772882;0
40;1.09772876;0
41;1.09772875;0
42;1.09772877;0
1;1.13029588;0
2;1.10662992;0
3;1.10337412;0
4;1.10447522;0
5;1.10826927;0
6;1.10214387;0
7;1.10177004;0
8;1.10135109;0
9;1.10228017;0
10;1.10223295;0
11;1.10752834;0
12;1.09749319;0
13;1.09968471;0
14;1.09829277;0
15;1.09854781;0
16;1.09833912;0
17;1.09845054;0
18;1.09791450;0
19;1.09778305;0
20;1.09775227;0
21;1.09772963;0
22;1.09772699;0
23;1.09773149;0
24;1.09772156;0
25;1.09772082;0
26;1.09772345;0
27;1.09772248;0
28;1.09772244;0
29;1.09772204;0
30;1.09772211;0
31;1.09772198;0
32;1.09772197;0
33;1.09772198;0
34;1.09772195;0
35;1.09772196;0
36;1.09772197;0
1;1.13003822;0
2;1.10508448;0
3;1.10235389;0
4;1.10314790;0
5;1.10509609;0
6;1.10119531;0
7;1.10308016;0
8;1.10165360;0
9;1.10100941;0
10;1.10064268;0
11;1.10659677;0
12;1.09784162;0
13;1.10253086;0
14;1.10325678;0
15;1.10239367;0
16;1.10234658;0
17;1.09977325;0
18;1.09840936;0
19;1.09794429;0
20;1.09771658;0
21;1.09751709;0
22;1.09778242;0
23;1.09769236;0
24;1.09747706;0
25;1.09747825;0
26;1.09756213;0
27;1.09753977;0
28;1.09752940;0
29;1.09750851;0
30;1.09750841;0
31;1.09750387;0
32;1.09750273;0
33;1.09750276;0
34;1.09750141;0
35;1.09750161;0
36;1.09750166;0
37;1.09750110;0
38;1.09750119;0
39;1.09750118;0
40;1.09750113;0
41;1.09750112;0
42;1.09750113;0
1;1.13246074;0
2;1.10704834;0
3;1.10286966;0
4;1.10333305;0
5;1.10659919;0
6;1.10104657;0
7;1.10155918;0
8;1.10148443;0
9;1.10162734;0
10;1.10169380;0
11;1.10011982;0
12;1.10000656;0
13;1.09932190;0
14;1.09801502;0
15;1.09909809;0
16;1.09872720;0
17;1.09919523;0
18;1.09825907;0
19;1.09829998;0
20;1.09821597;0
21;1.09789975;0
22;1.09793134;0
23;1.09794763;0
24;1.09789497;0
25;1.09788668;0
26;1.09790356;0
27;1.09789796;0
28;1.09789778;0
29;1.09789537;0
30;1.09789587;0
31;1.09789533;0
32;1.09789520;0
33;1.09789527;0
34;1.09789513;0
35;1.09789517;0
36;1.09789520;0
37;1.09789510;0
38;1.09789511;0
39;1.09789512;0
1;1.11256301;0
2;1.10994728;0
3;1.10749609;0
4;1.10507116;0
5;1.10141439;0
6;1.10583275;0
7;1.10629993;0
8;1.10424687;0
9;1.11250821;0
10;1.10019936;0
11;1.09993861;0
12;1.09905761;0
13;1.09897456;0
14;1.09975371;0
15;1.09996949;0
16;1.09924633;0
17;1.09908829;0
18;1.09889395;0
19;1.09878488;0
20;1.09869056;0
21;1.09863360;0
22;1.09863984;0
23;1.09861137;0
24;1.09861229;0
25;1.09861630;0
26;1.09860728;0
27;1.09860671;0
28;1.09860695;0
29;1.09860628;0
30;1.09860642;0
31;1.09860655;0
32;1.09860627;0
33;1.09860629;0
34;1.09860628;0
35;1.09860623;0
36;1.09860625;0
37;1.09860623;0
1;1.11163366;0
2;1.10879557;0
3;1.10863060;0
4;1.10495667;0
5;1.10189512;0
6;1.10637612;0
7;1.10739353;0
8;1.10353649;0
9;1.11530766;0
10;1.10032119;0
11;1.10052482;0
12;1.09936248;0
13;1.09909276;0
14;1.10027352;0
15;1.10064903;0
16;1.09981403;0
17;1.09880700;0
18;1.09871999;0
19;1.09891079;0
20;1.09869655;0
21;1.09863422;0
22;1.09864589;0
23;1.09864229;0
24;1.09864294;0
25;1.09863755;0
26;1.09863223;0
27;1.09862771;0
28;1.09862677;0
29;1.09862677;0
30;1.09862603;0
31;1.09862631;0
32;1.09862564;0
33;1.09862554;0
34;1.09862555;0
35;1.09862551;0
36;1.09862548;0
37;1.09862545;0
38;1.09862545;0
1;1.11224639;0
2;1.10936292;0
3;1.10725684;0
4;1.10455691;0
5;1.10166034;0
6;1.10680939;0
7;1.10795480;0
8;1.10448550;0
9;1.11562269;0
10;1.10041417;0
11;1.10052613;0
12;1.09933140;0
13;1.09920355;0
14;1.10009537;0
15;1.10020108;0
16;1.09975492;0
17;1.09886457;0
18;1.09883473;0
19;1.09899744;0
20;1.09878586;0
21;1.09878201;0
22;1.09876069;0
23;1.09875492;0
24;1.09875305;0
25;1.09874863;0
26;1.09874409;0
27;1.09873971;0
28;1.09873853;0
29;1.09873849;0
30;1.09873783;0
31;1.09873808;0
32;1.09873757;0
33;1.09873746;0
34;1.09873747;0
35;1.09873742;0
36;1.09873739;0
37;1.09873737;0
38;1.09873737;0
1;1.11216446;0
2;1.10791361;0
3;1.10603399;0
4;1.10507551;0
5;1.10186165;0
6;1.10544172;0
7;1.10897768;0
8;1.10516786;0
9;1.11637619;0
10;1.10025383;0
11;1.10061186;0
12;1.09918284;0
13;1.09892193;0
14;1.09958737;0
15;1.10010828;0
16;1.09970576;0
17;1.09875573;0
18;1.09871266;0
19;1.09885852;0
20;1.09869893;0
21;1.09867116;0
22;1.09863681;0
23;1.09863343;0
24;1.09863316;0
25;1.09862965;0
26;1.09862378;0
27;1.09861967;0
28;1.09861874;0
29;1.09861865;0
30;1.09861800;0
31;1.09861827;0
32;1.09861776;0
33;1.09861764;0
34;1.09861765;0
35;1.09861761;0
36;1.09861758;0
37;1.09861756;0
38;1.09861756;0
1;1.11205503;0
2;1.10942875;0
3;1.10860631;0
4;1.10477266;0
5;1.10174011;0
6;1.10632108;0
7;1.10737525;0
8;1.10394437;0
9;1.11420983;0
10;1.10046020;0
11;1.10036407;0
12;1.09931494;0
13;1.09922044;0
14;1.10019442;0
15;1.10028945;0
16;1.09931738;0
17;1.09925393;0
18;1.09906657;0
19;1.09905983;0
20;1.09889740;0
21;1.09879884;0
22;1.09889017;0
23;1.09875023;0
24;1.09876225;0
25;1.09875857;0
26;1.09873955;0
27;1.09872271;0
28;1.09872217;0
29;1.09872280;0
30;1.09872045;0
31;1.09872174;0
32;1.09871951;0
33;1.09871941;0
34;1.09871916;0
35;1.09871904;0
36;1.09871892;0
37;1.09871883;0
38;1.09871885;0
39;1.09871880;0
40;1.09871881;0
41;1.09871881;0
1;1.11512276;0
2;1.10943264;0
3;1.11293469;0
4;1.11307632;0
5;1.11366256;0
6;1.10980826;0
7;1.10258664;0
8;1.10166302;0
9;1.10029801;0
10;1.10075029;0
11;1.09975893;0
12;1.10082447;0
13;1.10082058;0
14;1.09905662;0
15;1.10069589;0
16;1.10056724;0
17;1.09913869;0
18;1.10065059;0
19;1.09901220;0
20;1.09892462;0
21;1.09857077;0
22;1.09847284;0
23;1.09839951;0
24;1.09841853;0
25;1.09833998;0
26;1.09835348;0
27;1.09835043;0
28;1.09834135;0
29;1.09834274;0
30;1.09834193;0
31;1.09834161;0
32;1.09834057;0
33;1.09834095;0
34;1.09834046;0
35;1.09834035;0
36;1.09834038;0
37;1.09834030;0
38;1.09834031;0
39;1.09834030;0
1;1.11600326;0
2;1.10938122;0
3;1.11161253;0
4;1.11244337;0
5;1.11325009;0
6;1.11221657;0
7;1.10314793;0
8;1.10205946;0
9;1.10031840;0
10;1.10062898;0
11;1.09974226;0
12;1.10085268;0
13;1.10067817;0
14;1.09902483;0
15;1.10054082;0
16;1.10028925;0
17;1.09927172;0
18;1.10085962;0
19;1.09912475;0
20;1.09891217;0
21;1.09879583;0
22;1.09850496;0
23;1.09867888;0
24;1.09857763;0
25;1.09857804;0
26;1.09859513;0
27;1.09862667;0
28;1.09854274;0
29;1.09843299;0
30;1.09843875;0
31;1.09844155;0
32;1.09841974;0
33;1.09842123;0
34;1.09841818;0
35;1.09841579;0
36;1.09841548;0
37;1.09841499;0
38;1.09841468;0
39;1.09841461;0
40;1.09841460;0
41;1.09841454;0
42;1.09841451;0
43;1.09841450;0
1;1.11686838;0
2;1.10907963;0
3;1.11182326;0
4;1.11350181;0
5;1.11445057;0
6;1.10934533;0
7;1.10251331;0
8;1.10209756;0
9;1.10018363;0
10;1.10020723;0
11;1.09970479;0
12;1.10083553;0
13;1.10080851;0
14;1.09888964;0
15;1.10040369;0
16;1.10034102;0
17;1.09913258;0
18;1.10063156;0
19;1.09905719;0
20;1.09886413;0
21;1.09865086;0
22;1.09853959;0
23;1.09847001;0
24;1.09847514;0
25;1.09847528;0
26;1.09842066;0
27;1.09841120;0
28;1.09840051;0
29;1.09840154;0
30;1.09839928;0
31;1.09840016;0
32;1.09839814;0
33;1.09839808;0
34;1.09839772;0
35;1.09839732;0
36;1.09839733;0
37;1.09839731;0
38;1.09839726;0
39;1.09839726;0
40;1.09839726;0
1;1.11572285;0
2;1.10959056;0
3;1.11323086;0
4;1.11352050;0
5;1.11374571;0
6;1.11003083;0
7;1.10255123;0
8;1.10175013;0
9;1.10027457;0
10;1.09996024;0
11;1.09957440;0
12;1.10055808;0
13;1.10074603;0
14;1.09878861;0
15;1.10029899;0
16;1.10044580;0
17;1.09906887;0
18;1.10083450;0
19;1.09905631;0
20;1.09873910;0
21;1.09857920;0
22;1.09845553;0
23;1.09837101;0
24;1.09838584;0
25;1.09837976;0
26;1.09832639;0
27;1.09830897;0
28;1.09829949;0
29;1.09830137;0
30;1.09829780;0
31;1.09829837;0
32;1.09829642;0
33;1.09829647;0
34;1.09829616;0
35;1.09829574;0
36;1.09829576;0
37;1.09829573;0
38;1.09829568;0
39;1.09829568;0
40;1.09829568;0
1;1.11622275;0
2;1.10848646;0
3;1.11149704;0
4;1.11263906;0
5;1.11458815;0
6;1.11014748;0
7;1.10257790;0
8;1.10197670;0
9;1.10010370;0
10;1.10046035;0
11;1.09967026;0
12;1.10088289;0
13;1.10100839;0
14;1.09897219;0
15;1.10030220;0
16;1.10043478;0
17;1.09911817;0
18;1.10095797;0
19;1.09911321;0
20;1.09880378;0
21;1.09875138;0
22;1.09848811;0
23;1.09866695;0
24;1.09853378;0
25;1.09854428;0
26;1.09854595;0
27;1.09857493;0
28;1.09850243;0
29;1.09838688;0
30;1.09838902;0
31;1.09839532;0
32;1.09838229;0
33;1.09837007;0
34;1.09836803;0
35;1.09836685;0
36;1.09836557;0
37;1.09836477;0
38;1.09836484;0
39;1.09836445;0
40;1.09836442;0
41;1.09836439;0
42;1.09836431;0
43;1.09836429;0
44;1.09836430;0
1;1.13034605;0
2;1.10596332;0
3;1.10291635;0
4;1.10351828;0
5;1.10763153;0
6;1.10210662;0
7;1.10190817;0
8;1.10121013;0
9;1.10201473;0
10;1.10206243;0
11;1.10727375;0
12;1.09772089;0
13;1.09981493;0
14;1.09835408;0
15;1.09848428;0
16;1.09811370;0
17;1.09819820;0
18;1.09778665;0
19;1.09767951;0
20;1.09765731;0
21;1.09763853;0
22;1.09763932;0
23;1.09764291;0
24;1.09763266;0
25;1.09763128;0
26;1.09763430;0
27;1.09763303;0
28;1.09763300;0
29;1.09763258;0
30;1.09763267;0
31;1.09763254;0
32;1.09763253;0
33;1.09763254;0
34;1.09763251;0
35;1.09763253;0
36;1.09763253;0
1;1.13034145;0
2;1.10565703;0
3;1.10271018;0
4;1.10433616;0
5;1.10747903;0
6;1.10154166;0
7;1.10131868;0
8;1.10148175;0
9;1.10256595;0
10;1.10179888;0
11;1.12228437;0
12;1.10924959;0
13;1.10082265;0
14;1.09844089;0
15;1.09946187;0
16;1.09907208;0
17;1.09926383;0
18;1.09806318;0
19;1.09813501;0
20;1.09809702;0
21;1.09784879;0
22;1.09799567;0
23;1.09803574;0
24;1.09780966;0
25;1.09781640;0
26;1.09789087;0
27;1.09787382;0
28;1.09786373;0
29;1.09784081;0
30;1.09783944;0
31;1.09783465;0
32;1.09783345;0
33;1.09783364;0
34;1.09783208;0
35;1.09783225;0
36;1.09783240;0
37;1.09783172;0
38;1.09783183;0
39;1.09783184;0
40;1.09783179;0
41;1.09783177;0
42;1.09783179;0
1;1.13045393;0
2;1.10575795;0
3;1.10277260;0
4;1.10361602;0
5;1.10650696;0
6;1.10114426;0
7;1.10138488;0
8;1.10123930;0
9;1.10214510;0
10;1.10205714;0
11;1.10031487;0
12;1.10046787;0
13;1.09933538;0
14;1.09798849;0
15;1.09910740;0
16;1.09881858;0
17;1.09927017;0
18;1.09817591;0
19;1.09831753;0
20;1.09820132;0
21;1.09787571;0
22;1.09789531;0
23;1.09792030;0
24;1.09786953;0
25;1.09786068;0
26;1.09787831;0
27;1.09787207;0
28;1.09787209;0
29;1.09786977;0
30;1.09787014;0
31;1.09786966;0
32;1.09786951;0
33;1.09786959;0
34;1.09786945;0
35;1.09786948;0
36;1.09786951;0
37;1.09786941;0
38;1.09786942;0
39;1.09786943;0
1;1.13446178;0
2;1.10727513;0
3;1.10323447;0
4;1.10276494;0
5;1.10393928;0
6;1.10118364;0
7;1.10210207;0
8;1.10148082;0
9;1.10163746;0
10;1.10121517;0
11;1.09962826;0
12;1.09973336;0
13;1.09880500;0
14;1.09774040;0
15;1.09874906;0
16;1.09836787;0
17;1.09881977;0
18;1.09792172;0
19;1.09794808;0
20;1.09785278;0
21;1.09762802;0
22;1.09766151;0
23;1.09767155;0
24;1.09762284;0
25;1.09761440;0
26;1.09763076;0
27;1.09762492;0
28;1.09762442;0
29;1.09762256;0
30;1.09762313;0
31;1.09762253;0
32;1.09762241;0
33;1.09762249;0
34;1.09762235;0
35;1.09762240;0
36;1.09762240;0
37;1.09762232;0
38;1.09762233;0
39;1.09762234;0
1;1.12824067;0
2;1.10535613;0
3;1.10216394;0
4;1.10332208;0
5;1.10757475;0
6;1.10145133;0
7;1.10200612;0
8;1.10073281;0
9;1.10134288;0
10;1.10164074;0
11;1.10723944;0
12;1.09825737;0
13;1.09943478;0
14;1.09861589;0
15;1.09855354;0
16;1.09804359;0
17;1.09814466;0
18;1.09785508;0
19;1.09780787;0
20;1.09786705;0
21;1.09774359;0
22;1.09776151;0
23;1.09774547;0
24;1.09769400;0
25;1.09768589;0
26;1.09770352;0
27;1.09769645;0
28;1.09769657;0
29;1.09769398;0
30;1.09769447;0
31;1.09769401;0
32;1.09769384;0
33;1.09769389;0
34;1.09769376;0
35;1.09769380;0
36;1.09769382;0
37;1.09769373;0
38;1.09769374;0
39;1.09769375;0
