3.26572016055
3.26414855205
3.26392714533
3.26420992093
3.26380295611
3.26285617475
3.26338199941
3.26316128408
3.26281604467
3.26020256214
3.25881683926
3.25891388851
3.25883857401
3.25859316097
3.25879685247
3.25872953995
3.25876288456
3.25804475198
3.25790170102
3.25785040167
3.25781311845
3.25781902096
3.25759668678
3.25759987117
3.25759889586
3.25759615126
3.2575489717
3.25755027081
3.25755008288
3.25754084847
3.25754045484
3.25754052866
3.25753858022
3.25753851194
3.25753852116
3.25753814732
3.25753817297
3.25753815318
3.25753806544
3.25753807172
3.2575380727
