3.26561977302
3.26410757472
3.26395905844
3.26407777056
3.26385558252
3.26270553575
3.26328364475
3.26312128102
3.26279722861
3.26002498639
3.25877297284
3.25888810821
3.25885233589
3.25857093989
3.25882929765
3.25877329211
3.25875917519
3.258021992
3.25789871713
3.25786047135
3.25781971896
3.25782225755
3.25760046866
3.25760575576
3.25760538349
3.25760089015
3.25755406906
3.25755540722
3.2575553509
3.2575460278
3.2575455653
3.25754557933
3.25754362845
3.25754355237
3.25754359957
3.25754320535
3.25754322899
3.25754320986
3.25754312245
3.25754312935
3.25754312887
