3.26713459325
3.26667261174
3.26703570399
3.26533652254
3.26501352604
3.26463953373
3.26466015857
3.26122131535
3.25937454489
3.2595401367
3.25928916879
3.25928909024
3.25868135951
3.25824635731
3.25809105338
3.25781532358
3.25779649306
3.25780332272
3.25778736678
3.25779310786
3.25778763954
3.25778465969
3.25772241097
3.25772117026
3.25772284998
3.25772009263
3.25770901334
3.25770941461
3.25770950403
3.25770698918
3.2577069493
3.25770686122
3.25770644726
3.25770643298
3.25770642768
3.25770633766
3.25770633692
3.25770634246
