3.26200226498
3.22178296856
3.17263684407
3.10050720675
3.00035963877
2.8772227237
2.729619964
2.57273045494
2.41547711675
2.26257044514
2.11921187137
1.98723139366
1.86874570421
1.76335427637
1.67171891897
1.58825405585
1.51728945642
1.45184397079
1.39681807437
1.34493628873
1.30028645315
1.25895747334
1.22114978561
1.18805068961
1.15732668174
1.12895255885
1.10303330833
1.07860640965
1.05766610442
1.03747182335
1.01898191209
1.00094768788
0.984782861702
0.969265693718
0.955090012091
0.942434976108
0.930062999751
0.91779559471
0.907964278776
0.896715736622
0.887133895269
0.877037441489
0.869122572776
0.861451610863
0.853689446788
0.845309396491
0.83909002226
0.831655962837
0.825898338646
0.819391598967
0.813993098726
0.808276585395
0.802742808383
0.797388519491
0.792487498056
0.78817200833
0.783173495376
0.778295729852
0.775248283633
0.770690702951
0.766832137909
0.76233608737
0.758888724186
0.756101308202
0.75190723036
0.74836138133
0.745330742862
0.742161607376
0.739247035481
0.73639407614
0.733427350112
0.73050417508
0.727759837358
0.725625169164
0.722217548054
0.719508416657
0.718140957998
0.715359504049
0.712266776482
0.710759358317
0.708614954545
0.706732252206
0.703966555464
0.702037510705
0.700701098716
0.698111498326
0.696779956379
0.694289507512
0.692462754879
0.690863581958
0.689111605871
0.687327695507
0.686352392901
0.684324578697
0.682372633613
0.68038716992
0.679020032104
0.677746518644
0.676210505098
0.674901289155
0.673359350892
0.672073478545
0.669935099009
0.669256776376
0.667592671781
0.666170337207
0.664993125814
0.663877226983
0.662002301195
0.660069588051
0.660113620242
0.658639869134
0.656837140792
0.655865579326
0.654923005668
0.654025052648
0.652789451262
0.651603311297
0.650277553008
0.648853840462
0.648978688229
0.646923518499
0.645830728118
0.644902770171
0.64396963646
0.642831637668
0.642463342132
0.640871993044
0.639955676227
0.638824623834
0.637880515754
0.637552019363
0.635965439778
0.634700954027
0.634495445863
0.633237442206
0.632852440474
0.632202079308
0.630408627125
0.630102570301
0.629060161403
0.628863569881
0.627135067986
0.625983421847
0.626301246481
0.624791630675
0.625051389978
0.623599125799
0.622077142605
0.621758137416
0.62125751125
0.620126878857
0.619957124949
0.618099911526
0.618051177734
0.616930869427
0.6158546036
0.61498528052
0.615131896084
0.614342892443
0.613719905271
0.612255405486
0.612050446849
0.611834621148
0.610073838507
0.609546437935
0.609285402052
0.608784593455
0.608324252084
0.606969993168
0.605633902446
0.605872726708
0.605392125301
0.60442525295
0.604067655972
0.603004468957
0.602307807982
0.601884798377
0.601596437665
0.600981260496
0.600679089758
0.599381628284
0.59963242367
0.597866316939
0.597645864383
0.596457143412
0.595973931133
0.59601511367
0.595399391197
0.594521362501
0.594287355127
0.593295303682
0.592036471383
0.592369731418
0.591050991611
0.59092366984
0.59083288645
0.590210117365
0.589881212315
0.588942787963
0.58824271459
0.587165337423
0.587371487605
0.58654193941
0.586751219171
0.585173706905
0.58531589081
0.584565108327
0.583975664182
0.584296856283
0.582623998586
0.58206780551
0.581186873066
0.581488104418
0.580782989257
0.579972069331
0.579559431361
0.579385996318
0.578683135353
0.578267163287
0.577443311937
0.576666024554
0.576276336119
0.576013002562
0.575890960617
0.574670363184
0.574323629349
0.573744015145
0.573148990065
0.572824273279
0.572511261453
0.572362869932
0.571695735301
0.571005833545
0.57024442062
0.570718347425
0.569075834409
0.569526023922
0.568026635615
0.568424105053
0.567634740517
0.567222002889
0.566732833577
0.566306769597
0.566052134883
0.565362831574
0.564241636793
0.564155621064
0.564631446641
0.563704656832
0.563351478156
0.563122068507
0.56252783582
0.561797852541
0.56129352046
0.560949624128
0.560919977437
0.56053519108
0.559043145967
0.559644042987
0.558856238308
0.558032137348
0.557247681909
0.557133838574
0.556470717295
0.556025590622
0.556428718976
0.555487998151
0.554652092328
0.554498166023
0.553575443535
0.554124571868
0.553459452006
0.553402377763
0.552824750731
0.551789294821
0.551320461637
0.550854464555
0.551404597779
0.550589765825
0.550329972729
0.550245544931
0.549054049138
0.548682010983
0.548554248713
0.548037698707
0.547530231918
0.546547666939
0.546022236484
0.54599772476
0.546219978418
0.545190178007
0.544623392685
0.544894090892
0.543724757719
0.54386999989
0.543092531019
0.542724019811
0.542434089868
0.54189293055
0.541831542579
0.541728824005
0.540511231192
0.53994213989
0.540711381857
0.540086800818
0.53883978313
0.538512153608
0.538552457315
0.538067935129
0.537043512685
0.536976164832
0.537212014019
0.536404979113
0.535728372725
0.535048619727
0.535020392018
0.53463958527
0.534377458119
0.53370566431
0.533427775899
0.533235116456
0.532979547994
0.532851800839
0.532161353522
0.53108496133
0.530679002849
0.530826863441
0.530367429299
0.529804567515
0.529440101113
0.528629636452
0.528844589924
0.528186578572
0.528246889502
0.527211496059
0.526596993744
0.526181909411
0.526213728397
0.525703576189
0.524660580675
0.525007638561
0.524501401176
0.523969715734
0.523295563469
0.523392190403
0.522440039798
0.521920392202
0.522297230795
0.521408641622
0.520881227035
0.520971529261
0.520819569407
0.520640928754
0.519310559868
0.519627250419
0.519336977743
0.518484008833
0.518095359429
0.517112905086
0.517762806694
0.517056025103
0.516276421698
0.515783239117
0.515409369287
0.515614729465
0.514171184535
0.514193567039
0.514021408976
0.513725441051
0.512877960606
0.512567492745
0.512272647405
0.511762353146
0.511690201247
0.511241861387
0.5107926104
0.51096827489
0.509725005448
0.509713266971
0.50882275313
0.508832678883
0.508838377637
0.507448343554
0.507191223099
0.50728709278
0.506541133496
0.506482367052
0.505887858259
0.505422096284
0.504822430039
0.504412138343
0.504655487081
0.504254842849
0.503495350147
0.503487071417
0.502451513481
0.502446165272
0.501990532312
0.501630351258
0.500565817297
0.500899059587
0.500921543438
0.499784478181
0.499074836056
0.49914278636
0.499038201611
0.498784719376
0.497503532093
0.497551631822
0.497649792986
0.496979339386
0.496348528896
0.495704734046
0.495490256754
0.49508699521
0.495013194253
0.494352594349
0.494258876559
0.493075160951
0.493481793271
0.492864085204
0.492478252954
0.492096212491
0.491606739226
0.490968805565
0.490976184926
0.490381393148
0.490519826819
0.489423061913
0.488676894679
0.488968683636
0.488699358759
0.488499002614
0.487209987687
0.486993206318
0.487813024444
0.486672461421
0.486582693284
0.486532278881
0.485032395848
0.485454849026
0.48476882553
0.483880306605
0.483983469237
0.483572777558
0.482977714349
0.482733899959
0.482784787322
0.482265341127
0.481339963478
0.481868291303
0.480429884062
0.480394677095
0.479563465993
0.479408534288
0.479518866982
0.478895977666
0.478430712192
0.477922641044
0.478086517584
0.476671777485
0.477147801905
0.476511259891
0.47595392742
0.476618429915
0.475651560202
0.475595870764
0.474579521405
0.474142476264
0.474036629486
0.473810365349
0.47310461749
0.472725702133
0.472486328185
0.472480965993
0.471756081559
0.471431553334
0.471612406263
0.470862856357
0.470858226802
0.470205304563
0.470142925037
0.469055922603
0.468514281061
0.468514464862
0.468429708438
0.467570138406
0.467765430558
0.467238695501
0.467355926294
0.466131725911
0.466051581975
0.465532169199
0.465579503462
0.464712968338
0.464711884803
0.464038130284
0.464106258219
0.463313960618
0.463267045209
0.462344626105
0.462295866857
0.461773578033
0.461303326836
0.460943574383
0.460412710223
0.460609412396
0.460170598314
0.459661860529
0.459092983471
0.458884222774
0.458542204525
0.458460343174
0.457369414182
0.457766543133
0.457151368647
0.457382902326
0.456610504373
0.456245048644
0.456080394592
0.455623157639
0.45535705345
0.45409263989
0.45442034937
0.454169975999
0.453680666878
0.453596047923
0.453186684323
0.453355093052
0.452433314425
0.452883539905
0.451393107834
0.451141966355
0.451424510346
0.450924637229
0.450160138487
0.449688752368
0.44963479392
0.449295627723
0.449132069094
0.448709129214
0.448313557798
0.447958152327
0.447334923212
0.447118034943
0.446823034082
0.446435756719
0.445965690882
0.445829141709
0.445501138193
0.444866197631
0.444908677277
0.443695301793
0.443962013826
0.44404187698
0.443051042036
0.442762342398
0.442715523967
0.442201140641
0.441935300319
0.441999005328
0.440882966978
0.441125011882
0.4405088296
0.439837491503
0.439897149048
0.439840331856
0.439440748199
0.439028960646
0.438602165446
0.438690298129
0.437620700535
0.437696665593
0.436745524681
0.437089806417
0.437042382765
0.436452833028
0.435917381362
0.435817157614
0.435394362682
0.434187885306
0.434865752763
0.434057588669
0.434564585824
0.433712264957
0.43361898259
0.433057551267
0.432751798861
0.432540654961
0.432238893539
0.431899530231
0.430977836918
0.431080652096
0.430721153419
0.430365513252
0.4297963833
0.429340996587
0.430197778077
0.429048013777
0.42883207238
0.428005942374
0.428409754894
0.427849654452
0.427240427328
0.427155592668
0.426861317116
0.426264913208
0.426608019641
0.425987916659
0.426040868915
0.425687941275
0.42467736874
0.424949467815
0.424435364269
0.424154084927
0.423810149058
0.423692020864
0.422734664643
0.422254132596
0.42321856816
0.422472155788
0.422133659432
0.422108547309
0.421739744766
0.42120846476
0.420637590675
0.420541822742
0.419944133974
0.419633592402
0.419828400988
0.41935083478
0.418893540891
0.418716030432
0.418717681094
0.417912150709
0.417280521057
0.416866086404
0.417384719521
0.416917964455
0.416218810871
0.415988558255
0.415589856786
0.41528320176
0.414672777469
0.415054739808
0.414513762371
0.414179921969
0.414011006463
0.413798638259
0.413675797074
0.413278133815
0.411994866021
0.412483427487
0.412263626339
0.411532494057
0.411687229365
0.410631199158
0.411012161605
0.410824003338
0.410443862766
0.409933000535
0.410107385802
0.40973332162
0.409595124002
0.409370016743
0.408316756302
0.408312927955
0.407864179882
0.407778729384
0.407779071697
0.407191144291
0.406765977078
0.406673713765
0.406873073208
0.405955927716
0.40611914504
0.405680619901
0.405303223971
0.404782531567
0.404830160376
0.403947564733
0.403879350048
0.40419209029
0.402872896686
0.402808037684
0.402895572722
0.402583127968
0.402026096022
0.401733098946
0.401757742333
0.401075312696
0.401242609553
0.400913211583
0.400340636621
0.400568254323
0.400149742268
0.399822568005
0.399618821056
0.398749499756
0.399021517028
0.398316821308
0.397880152323
0.397984170465
0.397428738649
0.397459716641
0.396990012577
0.39686838214
0.396865451695
0.396148859815
0.396314112068
0.395897873389
0.39544447712
0.395020773795
0.395205325529
0.394396243932
0.394322734914
0.393985030182
0.39353103064
0.393125338828
0.393497210966
0.393022737039
0.392431598811
0.392478631984
0.391537253921
0.392022426988
0.391503914997
0.391165296907
0.391036934502
0.391239869655
0.390841263592
0.390512585923
0.390207154468
0.389700700736
0.389310660886
0.389001035404
0.389270403861
0.388735813899
0.388521385032
0.387919633533
0.38775795778
0.387814076699
0.387043734685
0.387241138449
0.386652804606
0.386333597785
0.38615766617
0.385733444246
0.385397811431
0.385474095018
0.385187470318
0.384405955851
0.384224809701
0.384737221198
0.383449078396
0.384253609546
0.383618003542
0.38328907907
0.382594664336
0.38209040763
0.382919191204
0.382472607229
0.381952731814
0.381411658151
0.381622106063
0.380827471339
0.38090218099
0.380503959708
0.380616214968
0.380002794603
0.379410011627
0.379225505862
0.379105568255
0.378793864667
0.379030859504
0.378345521459
0.378095583588
0.378000282104
0.377903575774
0.377435600202
0.376659677374
0.376847144956
0.376297934704
0.376592542617
0.376170161992
0.376063587768
0.375999256277
0.375318510728
0.375053517387
0.374902578276
0.374635552054
0.374390546898
0.374172816658
0.374362382721
0.37340959729
0.373506487928
0.372985375974
0.372800343965
0.372139143676
0.372382359872
0.371711388661
0.372021574538
0.371439116035
0.371403386301
0.370927864976
0.371013116734
0.370560697962
0.37026295517
0.370315010877
0.369557569399
0.369256644207
0.369647515778
0.369183277674
0.368377120574
0.368521073413
0.368176086488
0.368247420463
0.367315379661
0.3676163288
0.367540241449
0.367130126264
0.367028957094
0.366766436875
0.365992574281
0.366165128754
0.365862010799
0.365520835112
0.365450694191
0.364819235069
0.364393412292
0.364628986209
0.363891301574
0.364198849765
0.363444932378
0.363811717566
0.363697904886
0.363119227907
0.363084910637
0.362637672188
0.362242634309
0.362248343805
0.362044511354
0.361991124896
0.361287489989
0.361243109233
0.360888045661
0.361038191784
0.360162750872
0.360272258242
0.36023807966
0.359737296031
0.359687273859
0.359344809216
0.358968761257
0.358782768016
0.358765154459
0.358658120639
0.35787590745
0.357902049241
0.357742913611
0.357482995914
0.357104026617
0.356894891606
0.356342002706
0.356266545946
0.356319825812
0.355865679655
0.355855991678
0.356039106915
0.355449201055
0.354949906997
0.354662081526
0.354710379583
0.354398370554
0.353560836172
0.354049055793
0.353362182005
0.353728122315
0.352978301099
0.352715894061
0.352874625512
0.352758035823
0.352428944837
0.351960665406
0.351678297674
0.351440026997
0.351095014195
0.350715121177
0.351158987566
0.350702177643
0.350625496634
0.347208267607
0.346929542241
0.346711509674
0.346677983366
0.346657486786
0.346671232488
0.345846406303
0.345778277063
0.345761398017
0.345741984916
0.345545112984
0.345540460875
0.345537234146
0.34553434445
0.345492171011
0.345491695583
0.345491959617
0.345482448438
0.345482272776
0.345482299563
0.345480489519
0.345480465074
0.345480454906
0.345480088466
0.345480084289
0.345480081733
0.345480010722
0.345480009354
0.345480010176
