3.26222493292
3.22126482561
3.17194430494
3.09920527834
2.99827048686
2.87479982786
2.72638497938
2.57050290365
2.41350651806
2.26049861525
2.11787439766
1.98507853688
1.8667754897
1.76172461395
1.66970743334
1.58687717817
1.51562872799
1.45148586506
1.39693392921
1.34516368871
1.30081266039
1.26039701529
1.22323306229
1.18926705625
1.15994426416
1.13107970381
1.10394898335
1.08064106823
1.05975097211
1.03963167798
1.02136763748
1.00379114367
0.987466375621
0.971684663354
0.957117026041
0.945159054151
0.93194739414
0.920147787564
0.909130365596
0.898993251675
0.887887301117
0.879790112015
0.870995973775
0.862654801308
0.854789710559
0.847280337448
0.840437823274
0.833366613141
0.827324474958
0.820760724741
0.815293598375
0.80968902254
0.803772170165
0.797843109615
0.793924256313
0.789137175441
0.783815083461
0.779516722178
0.775929362631
0.77128056342
0.766753078138
0.76305019906
0.759446176194
0.756880868079
0.752836635372
0.749444573793
0.745637519615
0.743673407454
0.740765314632
0.736553810627
0.733235659936
0.731681759301
0.727887847769
0.725647224043
0.722623029851
0.720536317356
0.719133442759
0.715607370919
0.713636266254
0.711494683751
0.70903319895
0.706628965216
0.705032263601
0.703392118725
0.700742695268
0.699527962335
0.697004631135
0.695346153837
0.693489353759
0.691285281276
0.689522057552
0.68818598755
0.686132542387
0.684778770537
0.682618501762
0.681346145714
0.679603052374
0.677625184101
0.676652127624
0.675922431881
0.674470360789
0.673008261367
0.67045521655
0.669578403642
0.668091540796
0.666340162168
0.665346548913
0.66375190635
0.662876550237
0.661798810626
0.660626625591
0.659531040848
0.65769721141
0.656342249103
0.655806693594
0.654367406824
0.653768274513
0.651800860458
0.650465398156
0.649981676176
0.649230243892
0.647990574287
0.645878710683
0.645670878897
0.644223247879
0.643632468325
0.642932158688
0.641900234341
0.640505288772
0.639053433364
0.638853078611
0.637066220907
0.636748488534
0.634907443478
0.63536357436
0.63453568704
0.632658403663
0.632637999175
0.631287280431
0.630704583462
0.62910730623
0.629057670774
0.627114489711
0.626691405636
0.626349330437
0.625308644233
0.624231090915
0.624080404802
0.622191345309
0.623110780625
0.620841425097
0.62055612653
0.619342817751
0.618786684401
0.618162459056
0.617352960574
0.616686387471
0.616332897253
0.616394093612
0.614890136852
0.613576592555
0.613467535555
0.612042381296
0.611829115421
0.610835228652
0.610341623991
0.609015473637
0.608436907714
0.608033160422
0.607415885429
0.606647569354
0.606192513215
0.605352906096
0.604004376615
0.603645548513
0.603418867654
0.60174687936
0.602160157259
0.600859125838
0.600023903973
0.599689414369
0.599357974544
0.598389943866
0.598351927957
0.597355487654
0.596864974261
0.596105758381
0.595775774466
0.594815753267
0.594722010806
0.594392587173
0.593533733263
0.592647646534
0.59175675502
0.592206650966
0.591215119875
0.59084763413
0.590276458127
0.589411040824
0.588664138889
0.58841257135
0.587428795022
0.586956296404
0.586461096344
0.585677048314
0.584661219217
0.58382796544
0.583154636136
0.583371612036
0.583176755094
0.583249665151
0.57800291383
0.577121608941
0.577020509848
0.577034019301
0.577106334279
0.576802464719
0.576645509115
0.576620364397
0.576638042761
0.576297549668
0.576121466968
0.576169460699
0.576066954642
0.57599659383
0.57494084022
0.574793971315
0.574747300064
0.574706037313
0.574701982772
0.574409760369
0.574401300549
0.574392558817
0.574389280766
0.574323846417
0.57432321864
0.574321752005
0.574308546232
0.574308187775
0.574308079757
0.574305367441
0.574305329276
0.574305280183
0.574304739864
0.574304731881
0.57430472872
0.574304616528
0.574304614552
0.574304612275
