1;3.26134946;0
2;3.22154130;0
3;3.17062201;0
4;3.09849456;0
5;2.99801749;0
6;2.87332259;0
7;2.72507288;0
8;2.56904233;0
9;2.41120985;0
10;2.25754262;0
11;2.11269775;0
12;1.98007627;0
13;1.86207519;0
14;1.75663972;0
15;1.66564870;0
16;1.58249744;0
17;1.51149481;0
18;1.44691862;0
19;1.39151587;0
20;1.34041862;0
21;1.29520955;0
22;1.25453036;0
23;1.21758350;0
24;1.18428796;0
25;1.15394293;0
26;1.12501527;0
27;1.09867796;0
28;1.07519645;0
29;1.05399465;0
30;1.03378888;0
31;1.01581860;0
32;0.99727009;0
33;0.98126964;0
34;0.96529021;0
35;0.95170917;0
36;0.93858086;0
37;0.92549527;0
38;0.91450704;0
39;0.90249734;0
40;0.89220806;0
41;0.88310440;0
42;0.87371775;0
43;0.86463672;0
44;0.85733989;0
45;0.84909025;0
46;0.84104420;0
47;0.83430458;0
48;0.82676557;0
49;0.82111325;0
50;0.81535208;0
51;0.80958113;0
52;0.80360716;0
53;0.79797243;0
54;0.79253084;0
55;0.78818208;0
56;0.78309739;0
57;0.77832720;0
58;0.77390825;0
59;0.76950764;0
60;0.76691583;0
61;0.76142117;0
62;0.75738733;0
63;0.75406190;0
64;0.75187287;0
65;0.74696015;0
66;0.74385412;0
67;0.74066019;0
68;0.73724498;0
69;0.73473669;0
70;0.73119184;0
71;0.72896794;0
72;0.72576908;0
73;0.72332480;0
74;0.72094203;0
75;0.71770618;0
76;0.71560633;0
77;0.71319425;0
78;0.71076362;0
79;0.70898708;0
80;0.70674697;0
81;0.70371537;0
82;0.70262846;0
83;0.69975118;0
84;0.69840186;0
85;0.69618761;0
86;0.69362676;0
87;0.69239467;0
88;0.69010269;0
89;0.68871532;0
90;0.68689829;0
91;0.68428138;0
92;0.68302570;0
93;0.68175339;0
94;0.67982568;0
95;0.67819848;0
96;0.67681258;0
97;0.67506477;0
98;0.67396583;0
99;0.67234844;0
100;0.67005752;0
101;0.66869067;0
102;0.66743210;0
103;0.66658217;0
104;0.66549960;0
105;0.66321573;0
106;0.66303344;0
107;0.66034216;0
108;0.65962124;0
109;0.65782506;0
110;0.65635485;0
111;0.65594715;0
112;0.65486356;0
113;0.65321689;0
114;0.65188840;0
115;0.65105760;0
116;0.64980836;0
117;0.64901411;0
118;0.64787785;0
119;0.64610792;0
120;0.64600967;0
121;0.64441900;0
122;0.64299632;0
123;0.64231781;0
124;0.64075743;0
125;0.63994086;0
126;0.63933575;0
127;0.63790417;0
128;0.63766574;0
129;0.63625424;0
130;0.63529496;0
131;0.63480318;0
132;0.63310879;0
133;0.63240279;0
134;0.63167841;0
135;0.63133830;0
136;0.62951876;0
137;0.62944708;0
138;0.62899038;0
139;0.62748882;0
140;0.62587785;0
141;0.62575943;0
142;0.62420533;0
143;0.62397428;0
144;0.62328120;0
145;0.62218295;0
146;0.62133070;0
147;0.62079460;0
148;0.61987108;0
149;0.61882952;0
150;0.61840147;0
151;0.61801212;0
152;0.61676270;0
153;0.61591054;0
154;0.61476455;0
155;0.61480389;0
156;0.61390377;0
157;0.61299204;0
158;0.61204163;0
159;0.61228100;0
160;0.61117692;0
161;0.61039278;0
162;0.60879471;0
163;0.60834682;0
164;0.60827467;0
165;0.60711497;0
166;0.60645550;0
167;0.60552855;0
168;0.60514422;0
169;0.60390169;0
170;0.60344837;0
171;0.60274986;0
172;0.60263865;0
173;0.60132061;0
174;0.60126623;0
175;0.60034648;0
176;0.60015956;0
177;0.59976806;0
178;0.59906126;0
179;0.59812643;0
180;0.59700064;0
181;0.59693132;0
182;0.59685045;0
183;0.59557498;0
184;0.59520929;0
185;0.59380137;0
186;0.59283207;0
187;0.59322139;0
188;0.59209006;0
189;0.59217695;0
190;0.59150030;0
191;0.59062517;0
192;0.59076694;0
193;0.58991010;0
194;0.58899968;0
195;0.58872804;0
196;0.58772237;0
197;0.58778374;0
198;0.58712659;0
199;0.58605264;0
200;0.58612446;0
201;0.58519751;0
202;0.58476294;0
203;0.58477572;0
204;0.58375347;0
205;0.58254247;0
206;0.58218743;0
207;0.58180737;0
208;0.58122336;0
209;0.58052925;0
210;0.58056886;0
211;0.57989598;0
212;0.57965929;0
213;0.57858924;0
214;0.57749007;0
215;0.57760666;0
216;0.57696367;0
217;0.57670775;0
218;0.57608331;0
219;0.57585740;0
220;0.57507934;0
221;0.57424421;0
222;0.57382543;0
223;0.57398616;0
224;0.57278621;0
225;0.57298512;0
226;0.57237553;0
227;0.57199274;0
228;0.57106003;0
229;0.57031626;0
230;0.57073845;0
231;0.56952883;0
232;0.56945552;0
233;0.56803090;0
234;0.56881348;0
235;0.56765251;0
236;0.56782718;0
237;0.56624797;0
238;0.56652375;0
239;0.56551761;0
240;0.56575427;0
241;0.56438533;0
242;0.56383354;0
243;0.56441258;0
244;0.56387370;0
245;0.56340738;0
246;0.56188977;0
247;0.56208244;0
248;0.56158715;0
249;0.56136174;0
250;0.56166144;0
251;0.56096616;0
252;0.55912984;0
253;0.55982829;0
254;0.55908352;0
255;0.55865195;0
256;0.55816981;0
257;0.55797647;0
258;0.55759709;0
259;0.55698103;0
260;0.55641988;0
261;0.55585628;0
262;0.55569471;0
263;0.55547829;0
264;0.55421739;0
265;0.55400363;0
266;0.55358443;0
267;0.55388466;0
268;0.55237237;0
269;0.55192745;0
270;0.55179516;0
271;0.55164153;0
272;0.55150865;0
273;0.54993183;0
274;0.55011534;0
275;0.54986338;0
276;0.54915725;0
277;0.54875387;0
278;0.54812196;0
279;0.54802512;0
280;0.54817497;0
281;0.54679908;0
282;0.54686956;0
283;0.54597694;0
284;0.54552792;0
285;0.54555762;0
286;0.54474533;0
287;0.54489148;0
288;0.54441948;0
289;0.54385753;0
290;0.54283612;0
291;0.54250820;0
292;0.54168999;0
293;0.54171040;0
294;0.54166182;0
295;0.54141716;0
296;0.54108891;0
297;0.54053504;0
298;0.53993411;0
299;0.54068496;0
300;0.53939604;0
301;0.53877587;0
302;0.53844478;0
303;0.53747446;0
304;0.53725145;0
305;0.53691367;0
306;0.53711400;0
307;0.53659579;0
308;0.53575016;0
309;0.53540513;0
310;0.53453039;0
311;0.53437285;0
312;0.53412999;0
313;0.53393318;0
314;0.53303313;0
315;0.53278681;0
316;0.53285045;0
317;0.53227181;0
318;0.53159708;0
319;0.53115985;0
320;0.53111298;0
321;0.53053549;0
322;0.53035181;0
323;0.52912534;0
324;0.52922047;0
325;0.52850361;0
326;0.52874000;0
327;0.52824517;0
328;0.52747836;0
329;0.52758308;0
330;0.52677890;0
331;0.52599869;0
332;0.52542675;0
333;0.52578281;0
334;0.52550046;0
335;0.52503805;0
336;0.52436169;0
337;0.52376081;0
338;0.52360078;0
339;0.52366610;0
340;0.52279871;0
341;0.52240270;0
342;0.52212767;0
343;0.52159244;0
344;0.52076696;0
345;0.52077352;0
346;0.51982376;0
347;0.51989159;0
348;0.51859164;0
349;0.51923608;0
350;0.51830959;0
351;0.51863782;0
352;0.51812567;0
353;0.51779919;0
354;0.51610899;0
355;0.51650733;0
356;0.51631400;0
357;0.51470328;0
358;0.51577169;0
359;0.51470597;0
360;0.51499875;0
361;0.51024149;0
362;0.50944383;0
363;0.50961098;0
364;0.50937344;0
365;0.50926558;0
366;0.50931341;0
367;0.50933617;0
368;0.50913152;0
369;0.50897991;0
370;0.50900610;0
371;0.50889236;0
372;0.50871897;0
373;0.50875801;0
374;0.50860140;0
375;0.50873664;0
376;0.50846892;0
377;0.50846631;0
378;0.50842495;0
379;0.50821851;0
380;0.50800800;0
381;0.50809258;0
382;0.50811364;0
383;0.50797551;0
384;0.50704836;0
385;0.50686936;0
386;0.50683757;0
387;0.50680399;0
388;0.50676528;0
389;0.50651063;0
390;0.50650536;0
391;0.50649871;0
392;0.50649464;0
393;0.50643578;0
394;0.50643533;0
395;0.50643524;0
396;0.50642257;0
397;0.50642229;0
398;0.50642214;0
399;0.50641960;0
400;0.50641960;0
401;0.50641955;0
402;0.50641906;0
403;0.50641906;0
404;0.50641906;0
405;0.50641896;0
406;0.50641896;0
407;0.50641896;0
408;0;0.81942308
